0.005
0.038226666667
0.071453333333
0.10468
0.13790666667
0.17113333333
0.20436
0.23758666667
0.27081333333
0.30404
0.33726666667
0.37049333333
0.40372
0.43694666667
0.47017333333
0.5034
0.53662666667
0.56985333333
0.60308
0.63630666667
0.66953333333
0.70276
0.73598666667
0.76921333333
0.80244
0.83566666667
0.86889333333
0.90212
0.93534666667
0.96857333333
1.0018
1.0350266667
1.0682533333
1.10148
1.1347066667
1.1679333333
1.20116
1.2343866667
1.2676133333
1.30084
1.3340666667
1.3672933333
1.40052
1.4337466667
1.4669733333
1.5002
1.5334266667
1.5666533333
1.59988
1.6331066667
1.6663333333
1.69956
1.7327866667
1.7660133333
1.79924
1.8324666667
1.8656933333
1.89892
1.9321466667
1.9653733333
1.9986
2.0318266667
2.0650533333
2.09828
2.1315066667
2.1647333333
2.19796
2.2311866667
2.2644133333
2.29764
2.3308666667
2.3640933333
2.39732
2.4305466667
2.4637733333
2.497