1.00000e-15
1.20230e-15
1.44540e-15
1.73780e-15
2.08930e-15
2.51190e-15
3.02000e-15
3.63080e-15
4.36520e-15
5.24810e-15
6.30960e-15
7.58580e-15
9.12010e-15
1.09650e-14
1.31830e-14
1.58490e-14
1.90550e-14
2.29090e-14
2.75420e-14
3.31130e-14
3.98110e-14
4.78630e-14
5.75440e-14
6.91830e-14
8.31760e-14
1.00000e-13
1.20230e-13
1.44540e-13
1.73780e-13
2.08930e-13
2.51190e-13
3.02000e-13
3.63080e-13
4.36520e-13
5.24810e-13
6.30960e-13
7.58580e-13
9.12010e-13
1.09650e-12
1.31830e-12
1.58490e-12
1.90550e-12
2.29090e-12
2.75420e-12
3.31130e-12
3.98110e-12
4.78630e-12
5.75440e-12
6.91830e-12
8.31760e-12
1.00000e-11
1.25890e-11
1.58490e-11
1.99530e-11
2.51190e-11
3.16230e-11
3.98110e-11
5.01190e-11
6.30960e-11
7.94330e-11
1.00000e-10
1.25890e-10
1.58490e-10
1.99530e-10
2.51190e-10
3.16230e-10
3.98110e-10
5.01190e-10
6.30960e-10
7.94330e-10
1.00000e-9
1.25890e-9
1.58490e-9
1.99530e-9
2.51190e-9
3.16230e-9
3.98110e-9
5.01190e-9
6.30960e-9
7.94330e-9
1.00000e-8
1.25890e-8
1.58490e-8
1.99530e-8
2.51190e-8
3.16230e-8
3.98110e-8
5.01190e-8
6.30960e-8
7.94330e-8
1.00000e-7
1.25890e-7
1.58490e-7
1.99530e-7
2.51190e-7
3.16230e-7
3.98110e-7
5.01190e-7
6.30960e-7
7.94330e-7
1.00000e-6
1.25620e-6
1.57790e-6
1.98220e-6
2.48990e-6
3.12770e-6
3.92900e-6
4.93540e-6
6.19970e-6
7.78780e-6
9.78280e-6
1.22890e-5
1.54370e-5
1.93910e-5
2.43580e-5
3.05980e-5
3.84360e-5
4.82820e-5
6.06500e-5
7.61860e-5
9.57020e-5
1.20220e-4
1.51010e-4
1.89700e-4
2.38290e-4
2.99330e-4
3.76010e-4
4.72330e-4
5.93320e-4
7.45310e-4
9.36230e-4
1.17610e-3
1.47730e-3
1.85580e-3
2.33110e-3
2.92830e-3
3.67840e-3
4.62070e-3
5.80440e-3
7.29120e-3
9.15900e-3
1.15050e-2
1.44520e-2
1.81550e-2
2.28050e-2
2.86470e-2
3.59850e-2
4.52030e-2
5.67830e-2
7.13280e-2
8.96000e-2
1.09500e-1
1.29400e-1
1.49300e-1
1.69200e-1
1.89100e-1
2.09000e-1
2.28900e-1
2.48800e-1
2.68700e-1
2.88600e-1
3.08500e-1
3.28400e-1
3.48300e-1
3.68200e-1
3.88100e-1
4.08000e-1
4.27900e-1
4.47800e-1
4.67700e-1
4.87600e-1
5.07500e-1
5.27400e-1
5.47300e-1
5.67200e-1
5.87100e-1
6.07000e-1
6.26900e-1
6.46800e-1
6.66700e-1
6.86600e-1
7.06500e-1
7.26400e-1
7.46300e-1
7.66200e-1
7.86100e-1
8.06000e-1
8.25900e-1
8.45800e-1
8.65700e-1
8.85600e-1
9.05500e-1
9.25400e-1
9.45300e-1
9.65200e-1
9.85100e-1
1.00500e0
1.02490e0
1.04480e0
1.06470e0
1.08460e0
1.10450e0
1.12440e0
1.14430e0
1.16420e0
1.18410e0
1.20400e0
1.22390e0
1.24380e0
1.26370e0
1.28360e0
1.30350e0
1.32340e0
1.34330e0
1.36320e0
1.38310e0
1.40300e0
1.42290e0
1.44280e0
1.46270e0
1.48260e0
1.50250e0
1.52240e0
1.54230e0
1.56220e0
1.58210e0
1.60200e0
1.62190e0
1.64180e0
1.66170e0
1.68160e0
1.70150e0
1.72140e0
1.74130e0
1.76120e0
1.78110e0
1.80100e0
1.82090e0
1.84080e0
1.86070e0
1.88060e0
1.90050e0
1.92040e0
1.94030e0
1.96020e0
1.98010e0
2.00000e0