0.01000
0.01070
0.01145
0.01225
0.01311
0.01403
0.01501
0.01607
0.01719
0.01840
0.01968
0.02106
0.02254
0.02412
0.02581
0.02762
0.02955
0.03162
0.03384
0.03621
0.03875
0.04146
0.04437
0.04748
0.05080
0.05436
0.05817
0.06225
0.06661
0.07128
0.07627
0.08161
0.08733
0.09345
0.10000
0.10701
0.11450
0.12253
0.13111
0.14030
0.15013
0.16065
0.17191
0.18395
0.19684
0.21063
0.22539
0.24119
0.25809
0.27617
0.29552
0.31623
0.33839
0.36210
0.38747
0.41462
0.44367
0.47476
0.50802
0.54362
0.58171
0.62247
0.66608
0.71276
0.76270
0.81614
0.87333
0.93452
1.00000