-1.0000000E+00	-1.1991377E+01
-8.6206897E-01	-1.1991502E+01
-7.2413793E-01	-1.1991501E+01
-5.8620690E-01	-1.1991501E+01
-4.4827586E-01	-1.1991314E+01
-3.1034483E-01	-1.1991502E+01
-1.7241379E-01	-1.1991502E+01
-3.4482759E-02	-1.1989910E+01
1.0344828E-01	-1.1991513E+01
2.4137931E-01	-1.1991549E+01
3.7931034E-01	-1.1991688E+01
5.1724138E-01	-1.1992139E+01
6.5517241E-01	-1.1993493E+01
7.9310345E-01	-1.1995853E+01
9.3103448E-01	-1.1997114E+01
1.0689655E+00	-1.1994902E+01
1.2068966E+00	-1.1983506E+01
1.3448276E+00	-1.1928213E+01
1.4827586E+00	-1.1733954E+01
1.6206897E+00	-1.4675682E+01
1.7586207E+00	-1.4517437E+01
1.8965517E+00	-1.4584249E+01
2.0344828E+00	-1.4759865E+01
2.1724138E+00	-1.4920183E+01
2.3103448E+00	-1.5187184E+01
2.4482759E+00	-1.5071368E+01
2.5862069E+00	-1.5038380E+01
2.7241379E+00	-1.5203256E+01
2.8620690E+00	-1.5359023E+01
3.0000000E+00	-1.5465226E+01
2.3103448E+00	-1.5187184E+01
2.3103448E+00	-1.4993691E+01
2.3103448E+00	NAN
2.3103448E+00	-1.4964710E+01
2.3103448E+00	-1.4964806E+01
-1.0000000E+00	-1.1991502E+01
-9.5959596E-01	-1.1991501E+01
-9.1919192E-01	-1.1991501E+01
-8.7878788E-01	-1.1991501E+01
-8.3838384E-01	-1.1991501E+01
-7.9797980E-01	-1.1991501E+01
-7.5757576E-01	-1.1991501E+01
-7.1717172E-01	-1.1991501E+01
-6.7676768E-01	-1.1991501E+01
-6.3636364E-01	-1.1991501E+01
-5.9595960E-01	-1.1991501E+01
-5.5555556E-01	-1.1991501E+01
-5.1515152E-01	-1.1991501E+01
-4.7474747E-01	-1.1991501E+01
-4.3434343E-01	-1.1991501E+01
-3.9393939E-01	-1.1991501E+01
-3.5353535E-01	-1.1991501E+01
-3.1313131E-01	-1.1991501E+01
-2.7272727E-01	-1.1991501E+01
-2.3232323E-01	-1.1991501E+01
-1.9191919E-01	-1.1991502E+01
-1.5151515E-01	-1.1991502E+01
-1.1111111E-01	-1.1991502E+01
-7.0707071E-02	-1.1991503E+01
-3.0303030E-02	-1.1991504E+01
1.0101010E-02	-1.1991506E+01
5.0505051E-02	-1.1991508E+01
9.0909091E-02	-1.1991512E+01
1.3131313E-01	-1.1991517E+01
1.7171717E-01	-1.1991525E+01
2.1212121E-01	-1.1991537E+01
2.5252525E-01	-1.1991554E+01
2.9292929E-01	-1.1991580E+01
3.3333333E-01	-1.1991618E+01
3.7373737E-01	-1.1991673E+01
4.1414141E-01	-1.1991752E+01
4.5454545E-01	-1.1991865E+01
4.9494949E-01	-1.1992025E+01
5.3535354E-01	-1.1992250E+01
5.7575758E-01	-1.1992560E+01
6.1616162E-01	-1.1992977E+01
6.5656566E-01	-1.1993514E+01
6.9696970E-01	-1.1994165E+01
7.3737374E-01	-1.1994879E+01
7.7777778E-01	-1.1995598E+01
8.1818182E-01	-1.1996241E+01
8.5858586E-01	-1.1996741E+01
8.9898990E-01	-1.1997044E+01
9.3939394E-01	-1.1997076E+01
9.7979798E-01	-1.1996804E+01
1.0202020E+00	-1.1996157E+01
1.0606061E+00	-1.1995027E+01
1.1010101E+00	-1.1993243E+01
1.1414141E+00	-1.1990522E+01
1.1818182E+00	-1.1986382E+01
1.2222222E+00	-1.1979984E+01
1.2626263E+00	-1.1969810E+01
1.3030303E+00	-1.1953114E+01
1.3434343E+00	-1.1925098E+01
1.3838384E+00	-1.1878769E+01
1.4242424E+00	-1.1809357E+01
1.4646465E+00	-1.1741000E+01
1.5050505E+00	-1.1803553E+01
1.5454545E+00	-1.2339824E+01
1.5858586E+00	-1.2706525E+01
1.6262626E+00	-1.4197573E+01
1.6666667E+00	-1.4056260E+01
1.7070707E+00	-1.4337460E+01
1.7474747E+00	-1.4485598E+01
1.7878788E+00	-1.4491388E+01
1.8282828E+00	-1.4484924E+01
1.8686869E+00	-1.4511185E+01
1.9090909E+00	-1.4565468E+01
1.9494949E+00	-1.4632957E+01
1.9898990E+00	-1.4700678E+01
2.0303030E+00	-1.4760631E+01
2.0707071E+00	-1.4809622E+01
2.1111111E+00	-1.4848414E+01
2.1515152E+00	-1.4879098E+01
2.1919192E+00	-1.4904335E+01
2.2323232E+00	-1.4926303E+01
2.2727273E+00	-1.4946589E+01
2.3131313E+00	-1.4966137E+01
2.3535354E+00	-1.4985773E+01
2.3939394E+00	-1.5005959E+01
2.4343434E+00	-1.5026887E+01
2.4747475E+00	-1.5048863E+01
2.5151515E+00	-1.5071947E+01
2.5555556E+00	-1.5095995E+01
2.5959596E+00	-1.5121155E+01
2.6363636E+00	-1.5147352E+01
2.6767677E+00	-1.5174525E+01
2.7171717E+00	-1.5202760E+01
2.7575758E+00	-1.5231872E+01
2.7979798E+00	-1.5261949E+01
2.8383838E+00	-1.5292820E+01
2.8787879E+00	-1.5324547E+01
2.9191919E+00	-1.5357128E+01
2.9595960E+00	-1.5390396E+01
3.0000000E+00	-1.5424464E+01
-1.0000000E+00	-1.1991502E+01
-9.4202899E-01	-1.1991501E+01
-8.8405797E-01	-1.1991501E+01
-8.2608696E-01	-1.1991501E+01
-7.6811594E-01	-1.1991501E+01
-7.1014493E-01	-1.1991501E+01
-6.5217391E-01	-1.1991501E+01
-5.9420290E-01	-1.1991501E+01
-5.3623188E-01	-1.1991501E+01
-4.7826087E-01	-1.1991501E+01
-4.2028986E-01	-1.1991501E+01
-3.6231884E-01	-1.1991501E+01
-3.0434783E-01	-1.1991501E+01
-2.4637681E-01	-1.1991501E+01
-1.8840580E-01	-1.1991502E+01
-1.3043478E-01	-1.1991502E+01
-7.2463768E-02	-1.1991503E+01
-1.4492754E-02	-1.1991505E+01
4.3478261E-02	-1.1991508E+01
1.0144928E-01	-1.1991513E+01
1.5942029E-01	-1.1991522E+01
2.1739130E-01	-1.1991539E+01
2.7536232E-01	-1.1991568E+01
3.3333333E-01	-1.1991618E+01
3.9130435E-01	-1.1991704E+01
4.4927536E-01	-1.1991848E+01
5.0724638E-01	-1.1992086E+01
5.6521739E-01	-1.1992470E+01
6.2318841E-01	-1.1993062E+01
6.8115942E-01	-1.1993897E+01
7.3913043E-01	-1.1994911E+01
7.9710145E-01	-1.1995919E+01
8.5507246E-01	-1.1996705E+01
9.1304348E-01	-1.1997086E+01
9.7101449E-01	-1.1996892E+01
1.0289855E+00	-1.1995958E+01
1.0869565E+00	-1.1993952E+01
1.1449275E+00	-1.1990227E+01
1.2028986E+00	-1.1983400E+01
1.2608696E+00	-1.1970363E+01
1.3188406E+00	-1.1943842E+01
1.3768116E+00	-1.1888468E+01
1.4347826E+00	-1.1788795E+01
1.4927536E+00	-1.1756437E+01
1.5507246E+00	-1.2505754E+01
1.6086957E+00	-1.3930699E+01
1.6666667E+00	-1.4056081E+01
1.7246377E+00	-1.4427739E+01
1.7826087E+00	-1.4493303E+01
1.8405797E+00	-1.4489228E+01
1.8985507E+00	-1.4549350E+01
1.9565217E+00	-1.4644979E+01
2.0144928E+00	-1.4738429E+01
2.0724638E+00	-1.4811515E+01
2.1304348E+00	-1.4863946E+01
2.1884058E+00	-1.4902319E+01
2.2463768E+00	-1.4933504E+01
2.3043478E+00	-1.4961833E+01
2.3623188E+00	-1.4990056E+01
2.4202899E+00	-1.5019572E+01
2.4782609E+00	-1.5050909E+01
2.5362319E+00	-1.5084416E+01
2.5942029E+00	-1.5120006E+01
2.6521739E+00	-1.5157838E+01
2.7101449E+00	-1.5197796E+01
2.7681159E+00	-1.5239570E+01
2.8260870E+00	-1.5283299E+01
2.8840580E+00	-1.5328777E+01
2.9420290E+00	-1.5375828E+01
3.0000000E+00	-1.5424464E+01
-1.0000000E+00	1.6387784E+01
-9.4202899E-01	-1.1991502E+01
-8.8405797E-01	NAN
-8.2608696E-01	-1.1991501E+01
-7.6811594E-01	8.9722497E+00
-7.1014493E-01	1.9450822E+00
-6.5217391E-01	-1.1991501E+01
-5.9420290E-01	-1.1991501E+01
-5.3623188E-01	7.2179039E+01
-4.7826087E-01	9.9224587E+00
-4.2028986E-01	-1.1991501E+01
-3.6231884E-01	-1.1991501E+01
-3.0434783E-01	-1.1585584E+01
-2.4637681E-01	-1.1991500E+01
-1.8840580E-01	7.3396811E+01
-1.3043478E-01	7.3599740E+01
-7.2463768E-02	-1.1991503E+01
-1.4492754E-02	-1.1991505E+01
4.3478261E-02	1.8456068E+01
1.0144928E-01	1.1845675E+01
1.5942029E-01	1.2071081E+01
2.1739130E-01	-1.1991539E+01
2.7536232E-01	1.2476894E+01
3.3333333E-01	1.2624614E+01
3.9130435E-01	-1.1991704E+01
4.4927536E-01	-1.1991848E+01
5.0724638E-01	1.2963304E+02
5.6521739E-01	-1.1992469E+01
6.2318841E-01	-1.1993061E+01
6.8115942E-01	-1.1586668E+01
7.3913043E-01	1.3954270E+01
7.9710145E-01	-1.1995918E+01
8.5507246E-01	-1.1996704E+01
9.1304348E-01	1.4562971E+01
9.7101449E-01	-1.1996947E+01
1.0289855E+00	-1.1996076E+01
1.0869565E+00	-1.1994169E+01
1.1449275E+00	-1.1990611E+01
1.2028986E+00	-1.1984109E+01
1.2608696E+00	-1.1971768E+01
1.3188406E+00	-1.1946846E+01
1.3768116E+00	-1.1894833E+01
1.4347826E+00	-1.1798539E+01
1.4927536E+00	-1.1487999E+01
1.5507246E+00	-1.2328846E+01
1.6086957E+00	-1.2951065E+01
1.6666667E+00	-1.4090558E+01
1.7246377E+00	-1.4458813E+01
1.7826087E+00	-1.4526608E+01
1.8405797E+00	-1.4522111E+01
1.8985507E+00	-1.4580621E+01
1.9565217E+00	-1.4676997E+01
2.0144928E+00	-1.4770553E+01
2.0724638E+00	-1.4841712E+01
2.1304348E+00	-1.4895132E+01
2.1884058E+00	-1.4932659E+01
2.2463768E+00	-1.4962345E+01
2.3043478E+00	-1.4990593E+01
2.3623188E+00	-1.5018929E+01
2.4202899E+00	-1.5048387E+01
2.4782609E+00	-1.5079874E+01
2.5362319E+00	-1.5113449E+01
2.5942029E+00	-1.5149192E+01
2.6521739E+00	-1.5187223E+01
2.7101449E+00	-1.5227090E+01
2.7681159E+00	-1.5269207E+01
2.8260870E+00	-1.5312778E+01
2.8840580E+00	-1.5358371E+01
2.9420290E+00	-1.5405497E+01
3.0000000E+00	-1.5454235E+01
-1.0000000E+00	-1.1991377E+01
-9.4202899E-01	-1.1991533E+01
-8.8405797E-01	-1.1991501E+01
-8.2608696E-01	-1.1991510E+01
-7.6811594E-01	-1.1991501E+01
-7.1014493E-01	-1.1991814E+01
-6.5217391E-01	-1.1991502E+01
-5.9420290E-01	-1.1991501E+01
-5.3623188E-01	-1.1991501E+01
-4.7826087E-01	-1.1991748E+01
-4.2028986E-01	-1.1991504E+01
-3.6231884E-01	-1.1991500E+01
-3.0434783E-01	-1.1991501E+01
-2.4637681E-01	-1.1991501E+01
-1.8840580E-01	-1.1991501E+01
-1.3043478E-01	-1.1991502E+01
-7.2463768E-02	-1.1991502E+01
-1.4492754E-02	-1.1991505E+01
4.3478261E-02	-1.1991508E+01
1.0144928E-01	-1.1991513E+01
1.5942029E-01	-1.1991543E+01
2.1739130E-01	-1.1991539E+01
2.7536232E-01	-1.1991568E+01
3.3333333E-01	-1.1991618E+01
3.9130435E-01	-1.1991704E+01
4.4927536E-01	-1.1991848E+01
5.0724638E-01	-1.1992086E+01
5.6521739E-01	-1.1992469E+01
6.2318841E-01	-1.1993061E+01
6.8115942E-01	-1.1993896E+01
7.3913043E-01	-1.1994912E+01
7.9710145E-01	-1.1995918E+01
8.5507246E-01	-1.1996704E+01
9.1304348E-01	-1.1997095E+01
9.7101449E-01	-1.1996948E+01
1.0289855E+00	-1.1996078E+01
1.0869565E+00	-1.1994167E+01
1.1449275E+00	-1.1990615E+01
1.2028986E+00	-1.1984121E+01
1.2608696E+00	-1.1971795E+01
1.3188406E+00	-1.1946918E+01
1.3768116E+00	-1.1895018E+01
1.4347826E+00	-1.1798908E+01
1.4927536E+00	-1.1742131E+01
1.5507246E+00	-1.2319400E+01
1.6086957E+00	-1.2921944E+01
1.6666667E+00	-1.4098019E+01
1.7246377E+00	-1.4454777E+01
1.7826087E+00	-1.4474772E+01
1.8405797E+00	-1.4502885E+01
1.8985507E+00	-1.4547680E+01
1.9565217E+00	-1.4737052E+01
2.0144928E+00	-1.4654463E+01
2.0724638E+00	-1.4841278E+01
2.1304348E+00	-1.4901312E+01
2.1884058E+00	-1.4945588E+01
2.2463768E+00	-1.4957478E+01
2.3043478E+00	-1.4740668E+01
2.3623188E+00	-1.5023674E+01
2.4202899E+00	-1.5107453E+01
2.4782609E+00	-1.5081507E+01
2.5362319E+00	-1.5093763E+01
2.5942029E+00	-1.5078921E+01
2.6521739E+00	-1.5195882E+01
2.7101449E+00	-1.5094350E+01
2.7681159E+00	-1.5276180E+01
2.8260870E+00	-1.5323578E+01
2.8840580E+00	-1.5418606E+01
2.9420290E+00	-1.5441748E+01
3.0000000E+00	-1.5465226E+01
-1.0000000E+00	NAN
-8.3333333E-01	NAN
-6.6666667E-01	NAN
-5.0000000E-01	NAN
-3.3333333E-01	NAN
-1.6666667E-01	NAN
0.0000000E+00	NAN
1.6666667E-01	NAN
3.3333333E-01	NAN
5.0000000E-01	NAN
6.6666667E-01	NAN
8.3333333E-01	NAN
1.0000000E+00	NAN
1.1666667E+00	NAN
1.3333333E+00	NAN
1.5000000E+00	NAN
1.6666667E+00	NAN
1.8333333E+00	NAN
2.0000000E+00	NAN
2.1666667E+00	NAN
2.3333333E+00	NAN
2.5000000E+00	NAN
2.6666667E+00	NAN
2.8333333E+00	NAN
3.0000000E+00	NAN
-1.0000000E+00	NAN
-8.3333333E-01	NAN
-6.6666667E-01	NAN
-5.0000000E-01	NAN
-3.3333333E-01	NAN
-1.6666667E-01	NAN
0.0000000E+00	NAN
1.6666667E-01	NAN
3.3333333E-01	NAN
5.0000000E-01	NAN
6.6666667E-01	NAN
8.3333333E-01	NAN
1.0000000E+00	NAN
1.1666667E+00	NAN
1.3333333E+00	NAN
1.5000000E+00	NAN
1.6666667E+00	NAN
1.8333333E+00	NAN
2.0000000E+00	NAN
2.1666667E+00	NAN
2.3333333E+00	NAN
2.5000000E+00	NAN
2.6666667E+00	NAN
2.8333333E+00	NAN
3.0000000E+00	NAN
-1.0000000E+00	-1.1991501E+01
-8.3333333E-01	-1.1991454E+01
-6.6666667E-01	-1.1991501E+01
-5.0000000E-01	-1.1991502E+01
-3.3333333E-01	-1.1991501E+01
-1.6666667E-01	-1.1991502E+01
0.0000000E+00	-1.1991505E+01
1.6666667E-01	-1.1991524E+01
3.3333333E-01	-1.1991618E+01
5.0000000E-01	-1.1992050E+01
6.6666667E-01	-1.1993667E+01
8.3333333E-01	-1.1996448E+01
1.0000000E+00	-1.1996533E+01
1.1666667E+00	-1.1988143E+01
1.3333333E+00	-1.1933522E+01
1.5000000E+00	-1.1779949E+01
1.6666667E+00	-1.4056564E+01
1.8333333E+00	-1.4486301E+01
2.0000000E+00	-1.4716564E+01
2.1666667E+00	-1.4889152E+01
2.3333333E+00	-1.4975909E+01
2.5000000E+00	-1.5063222E+01
2.6666667E+00	-1.5167715E+01
2.8333333E+00	-1.5288883E+01
3.0000000E+00	-1.5424403E+01
-1.0000000E+00	-6.0275777E+00
-9.7236181E-01	-6.0275778E+00
-9.4472362E-01	-6.0275779E+00
-9.1708543E-01	-6.0275780E+00
-8.8944724E-01	-6.0275782E+00
-8.6180905E-01	-6.0275783E+00
-8.3417085E-01	-6.0275784E+00
-8.0653266E-01	-6.0275785E+00
-7.7889447E-01	-6.0275785E+00
-7.5125628E-01	-6.0275786E+00
-7.2361809E-01	-6.0275787E+00
-6.9597990E-01	-6.0275787E+00
-6.6834171E-01	-6.0275788E+00
-6.4070352E-01	-6.0275788E+00
-6.1306533E-01	-6.0275789E+00
-5.8542714E-01	-6.0275789E+00
-5.5778894E-01	-6.0275790E+00
-5.3015075E-01	-6.0275790E+00
-5.0251256E-01	-6.0275790E+00
-4.7487437E-01	-6.0275791E+00
-4.4723618E-01	-6.0275791E+00
-4.1959799E-01	-6.0275791E+00
-3.9195980E-01	-6.0275791E+00
-3.6432161E-01	-6.0275792E+00
-3.3668342E-01	-6.0275792E+00
-3.0904523E-01	-6.0275792E+00
-2.8140704E-01	-6.0275792E+00
-2.5376884E-01	-6.0275792E+00
-2.2613065E-01	-6.0275793E+00
-1.9849246E-01	-6.0275793E+00
-1.7085427E-01	-6.0275793E+00
-1.4321608E-01	-6.0275793E+00
-1.1557789E-01	-6.0275794E+00
-8.7939698E-02	-6.0275795E+00
-6.0301508E-02	-6.0275796E+00
-3.2663317E-02	-6.0275797E+00
-5.0251256E-03	-6.0275798E+00
2.2613065E-02	-6.0275800E+00
5.0251256E-02	-6.0275803E+00
7.7889447E-02	-6.0275807E+00
1.0552764E-01	-6.0275812E+00
1.3316583E-01	-6.0275819E+00
1.6080402E-01	-6.0275828E+00
1.8844221E-01	-6.0275840E+00
2.1608040E-01	-6.0275857E+00
2.4371859E-01	-6.0275879E+00
2.7135678E-01	-6.0275908E+00
2.9899497E-01	-6.0275947E+00
3.2663317E-01	-6.0275998E+00
3.5427136E-01	-6.0276067E+00
3.8190955E-01	-6.0276159E+00
4.0954774E-01	-6.0276282E+00
4.3718593E-01	-6.0276446E+00
4.6482412E-01	-6.0276663E+00
4.9246231E-01	-6.0276954E+00
5.2010050E-01	-6.0277340E+00
5.4773869E-01	-6.0277855E+00
5.7537688E-01	-6.0278541E+00
6.0301508E-01	-6.0279454E+00
6.3065327E-01	-6.0280670E+00
6.5829146E-01	-6.0282290E+00
6.8592965E-01	-6.0284446E+00
7.1356784E-01	-6.0287312E+00
7.4120603E-01	-6.0291166E+00
7.6884422E-01	-6.0296163E+00
7.9648241E-01	-6.0302914E+00
8.2412060E-01	-6.0311635E+00
8.5175879E-01	-6.0323210E+00
8.7939698E-01	-6.0338391E+00
9.0703518E-01	-6.0363179E+00
9.3467337E-01	-6.0390381E+00
9.6231156E-01	-6.0425667E+00
9.8994975E-01	-6.0471274E+00
1.0175879E+00	-6.0530148E+00
1.0452261E+00	-6.0605859E+00
1.0728643E+00	-6.0703200E+00
1.1005025E+00	-6.0827971E+00
1.1281407E+00	-6.0987997E+00
1.1557789E+00	-6.1193110E+00
1.1834171E+00	-6.1456184E+00
1.2110553E+00	-6.1793182E+00
1.2386935E+00	-6.2225180E+00
1.2663317E+00	-6.2777738E+00
1.2939698E+00	-6.3482976E+00
1.3216080E+00	-6.4377892E+00
1.3492462E+00	-6.5506227E+00
1.3768844E+00	-6.6917265E+00
1.4045226E+00	-6.8665872E+00
1.4321608E+00	-7.0820652E+00
1.4597990E+00	-7.3480858E+00
1.4874372E+00	-7.6843206E+00
1.5150754E+00	-8.1603478E+00
1.5427136E+00	-9.4452121E+00
1.5703518E+00	-8.3730366E+00
1.5979899E+00	-8.2696016E+00
1.6256281E+00	-8.6367831E+00
1.6532663E+00	-9.0607771E+00
1.6809045E+00	-9.5060398E+00
1.7085427E+00	-9.9729175E+00
1.7361809E+00	-1.0466720E+01
1.7638191E+00	-1.1041498E+01
1.7914573E+00	-1.2843548E+01
1.8190955E+00	-1.1533033E+01
1.8467337E+00	-1.1471547E+01
1.8743719E+00	-1.1613339E+01
1.9020101E+00	-1.2069453E+01
1.9296482E+00	-1.2061364E+01
1.9572864E+00	-1.1617829E+01
1.9849246E+00	-1.1440759E+01
2.0125628E+00	-1.1350489E+01
2.0402010E+00	-1.1304206E+01
2.0678392E+00	-1.1284892E+01
2.0954774E+00	-1.1283588E+01
2.1231156E+00	-1.1294864E+01
2.1507538E+00	-1.1315532E+01
2.1783920E+00	-1.1343458E+01
2.2060302E+00	-1.1377047E+01
2.2336683E+00	-1.1415695E+01
2.2613065E+00	-1.1457810E+01
2.2889447E+00	-1.1503964E+01
2.3165829E+00	-1.1553275E+01
2.3442211E+00	-1.1605882E+01
2.3718593E+00	-1.1662107E+01
2.3994975E+00	-1.1721648E+01
2.4271357E+00	-1.1785264E+01
2.4547739E+00	-1.1852720E+01
2.4824121E+00	-1.1925807E+01
2.5100503E+00	-1.2004725E+01
2.5376884E+00	-1.2090904E+01
2.5653266E+00	-1.2187290E+01
2.5929648E+00	-1.2297272E+01
2.6206030E+00	-1.2426045E+01
2.6482412E+00	-1.2586845E+01
2.6758794E+00	-1.2808234E+01
2.7035176E+00	-1.3189796E+01
2.7311558E+00	-1.3790412E+01
2.7587940E+00	-1.3059701E+01
2.7864322E+00	-1.2826206E+01
2.8140704E+00	-1.2692653E+01
2.8417085E+00	-1.2603524E+01
2.8693467E+00	-1.2539642E+01
2.8969849E+00	-1.2491802E+01
2.9246231E+00	-1.2455614E+01
2.9522613E+00	-1.2427782E+01
2.9798995E+00	-1.2406377E+01
3.0075377E+00	-1.2390144E+01
3.0351759E+00	-1.2378079E+01
3.0628141E+00	-1.2369473E+01
3.0904523E+00	-1.2363822E+01
3.1180905E+00	-1.2360651E+01
3.1457286E+00	-1.2359564E+01
3.1733668E+00	-1.2360423E+01
3.2010050E+00	-1.2362918E+01
3.2286432E+00	-1.2366852E+01
3.2562814E+00	-1.2372108E+01
3.2839196E+00	-1.2378527E+01
3.3115578E+00	-1.2386000E+01
3.3391960E+00	-1.2394430E+01
3.3668342E+00	-1.2403726E+01
3.3944724E+00	-1.2413837E+01
3.4221106E+00	-1.2424651E+01
3.4497487E+00	-1.2436147E+01
3.4773869E+00	-1.2448267E+01
3.5050251E+00	-1.2460976E+01
3.5326633E+00	-1.2474195E+01
3.5603015E+00	-1.2487907E+01
3.5879397E+00	-1.2502094E+01
3.6155779E+00	-1.2516730E+01
3.6432161E+00	-1.2531760E+01
3.6708543E+00	-1.2547176E+01
3.6984925E+00	-1.2562936E+01
3.7261307E+00	-1.2579010E+01
3.7537688E+00	-1.2595435E+01
3.7814070E+00	-1.2612188E+01
3.8090452E+00	-1.2629214E+01
3.8366834E+00	-1.2646469E+01
3.8643216E+00	-1.2664005E+01
3.8919598E+00	-1.2681741E+01
3.9195980E+00	-1.2699764E+01
3.9472362E+00	-1.2717980E+01
3.9748744E+00	-1.2736438E+01
4.0025126E+00	-1.2755048E+01
4.0301508E+00	-1.2773866E+01
4.0577889E+00	-1.2792893E+01
4.0854271E+00	-1.2812049E+01
4.1130653E+00	-1.2831395E+01
4.1407035E+00	-1.2850844E+01
4.1683417E+00	-1.2870546E+01
4.1959799E+00	-1.2890305E+01
4.2236181E+00	-1.2910256E+01
4.2512563E+00	-1.2930310E+01
4.2788945E+00	-1.2950462E+01
4.3065327E+00	-1.2970759E+01
4.3341709E+00	-1.2991137E+01
4.3618090E+00	-1.3011658E+01
4.3894472E+00	-1.3032350E+01
4.4170854E+00	-1.3053058E+01
4.4447236E+00	-1.3073921E+01
4.4723618E+00	-1.3094862E+01
4.5000000E+00	-1.3115838E+01
