-1.0000000E+00	-1.2466808E+01
-8.6206897E-01	-1.2466795E+01
-7.2413793E-01	-1.2466800E+01
-5.8620690E-01	-1.2466792E+01
-4.4827586E-01	-1.2466737E+01
-3.1034483E-01	-1.2466795E+01
-1.7241379E-01	-1.2466795E+01
-3.4482759E-02	-1.2466795E+01
1.0344828E-01	-1.2466795E+01
2.4137931E-01	-1.2466795E+01
3.7931034E-01	-1.2466795E+01
5.1724138E-01	-1.2466795E+01
6.5517241E-01	-1.2466796E+01
7.9310345E-01	-1.2466795E+01
9.3103448E-01	-1.2466796E+01
1.0689655E+00	-1.2466796E+01
1.2068966E+00	-1.2466794E+01
1.3448276E+00	-1.2466795E+01
1.4827586E+00	-1.2466800E+01
1.6206897E+00	-1.2466795E+01
1.7586207E+00	-1.2466796E+01
1.8965517E+00	-1.2466852E+01
2.0344828E+00	-1.2485258E+01
2.1724138E+00	-1.4442220E+01
2.3103448E+00	-1.4785935E+01
2.4482759E+00	-1.6132738E+01
2.5862069E+00	-1.6714419E+01
2.7241379E+00	-1.6538271E+01
2.8620690E+00	-1.8774314E+01
3.0000000E+00	-1.7340854E+01
-1.0000000E+00	-7.0315082E+00
-9.7236181E-01	-7.0315083E+00
-9.4472362E-01	-7.0315084E+00
-9.1708543E-01	-7.0315086E+00
-8.8944724E-01	-7.0315087E+00
-8.6180905E-01	-7.0315088E+00
-8.3417085E-01	-7.0315089E+00
-8.0653266E-01	-7.0315090E+00
-7.7889447E-01	-7.0315091E+00
-7.5125628E-01	-7.0315092E+00
-7.2361809E-01	-7.0315093E+00
-6.9597990E-01	-7.0315093E+00
-6.6834171E-01	-7.0315094E+00
-6.4070352E-01	-7.0315095E+00
-6.1306533E-01	-7.0315095E+00
-5.8542714E-01	-7.0315096E+00
-5.5778894E-01	-7.0315096E+00
-5.3015075E-01	-7.0315097E+00
-5.0251256E-01	-7.0315097E+00
-4.7487437E-01	-7.0315098E+00
-4.4723618E-01	-7.0315098E+00
-4.1959799E-01	-7.0315098E+00
-3.9195980E-01	-7.0315099E+00
-3.6432161E-01	-7.0315099E+00
-3.3668342E-01	-7.0315099E+00
-3.0904523E-01	-7.0315100E+00
-2.8140704E-01	-7.0315100E+00
-2.5376884E-01	-7.0315100E+00
-2.2613065E-01	-7.0315100E+00
-1.9849246E-01	-7.0315100E+00
-1.7085427E-01	-7.0315101E+00
-1.4321608E-01	-7.0315101E+00
-1.1557789E-01	-7.0315101E+00
-8.7939698E-02	-7.0315101E+00
-6.0301508E-02	-7.0315101E+00
-3.2663317E-02	-7.0315101E+00
-5.0251256E-03	-7.0315101E+00
2.2613065E-02	-7.0315101E+00
5.0251256E-02	-7.0315102E+00
7.7889447E-02	-7.0315102E+00
1.0552764E-01	-7.0315102E+00
1.3316583E-01	-7.0315102E+00
1.6080402E-01	-7.0315102E+00
1.8844221E-01	-7.0315102E+00
2.1608040E-01	-7.0315102E+00
2.4371859E-01	-7.0315102E+00
2.7135678E-01	-7.0315102E+00
2.9899497E-01	-7.0315102E+00
3.2663317E-01	-7.0315102E+00
3.5427136E-01	-7.0315103E+00
3.8190955E-01	-7.0315103E+00
4.0954774E-01	-7.0315103E+00
4.3718593E-01	-7.0315103E+00
4.6482412E-01	-7.0315103E+00
4.9246231E-01	-7.0315104E+00
5.2010050E-01	-7.0315104E+00
5.4773869E-01	-7.0315105E+00
5.7537688E-01	-7.0315106E+00
6.0301508E-01	-7.0315107E+00
6.3065327E-01	-7.0315108E+00
6.5829146E-01	-7.0315110E+00
6.8592965E-01	-7.0315113E+00
7.1356784E-01	-7.0315116E+00
7.4120603E-01	-7.0315120E+00
7.6884422E-01	-7.0315126E+00
7.9648241E-01	-7.0315134E+00
8.2412060E-01	-7.0315144E+00
8.5175879E-01	-7.0315158E+00
8.7939698E-01	-7.0315176E+00
9.0703518E-01	-7.0315200E+00
9.3467337E-01	-7.0315232E+00
9.6231156E-01	-7.0315275E+00
9.8994975E-01	-7.0315332E+00
1.0175879E+00	-7.0315407E+00
1.0452261E+00	-7.0315508E+00
1.0728643E+00	-7.0315642E+00
1.1005025E+00	-7.0315820E+00
1.1281407E+00	-7.0316056E+00
1.1557789E+00	-7.0316370E+00
1.1834171E+00	-7.0316787E+00
1.2110553E+00	-7.0317340E+00
1.2386935E+00	-7.0318074E+00
1.2663317E+00	-7.0319047E+00
1.2939698E+00	-7.0320335E+00
1.3216080E+00	-7.0322042E+00
1.3492462E+00	-7.0324298E+00
1.3768844E+00	-7.0327284E+00
1.4045226E+00	-7.0331220E+00
1.4321608E+00	-7.0336413E+00
1.4597990E+00	-7.0343243E+00
1.4874372E+00	-7.0352202E+00
1.5150754E+00	-7.0363953E+00
1.5427136E+00	-7.0379290E+00
1.5703518E+00	-7.0399301E+00
1.5979899E+00	-7.0425274E+00
1.6256281E+00	-7.0458962E+00
1.6532663E+00	-7.0502503E+00
1.6809045E+00	-7.0558620E+00
1.7085427E+00	-7.0630779E+00
1.7361809E+00	-7.0723405E+00
1.7638191E+00	-7.0842039E+00
1.7914573E+00	-7.0993954E+00
1.8190955E+00	-7.1188368E+00
1.8467337E+00	-7.1436878E+00
1.8743719E+00	-7.1754886E+00
1.9020101E+00	-7.2161393E+00
1.9296482E+00	-7.2680255E+00
1.9572864E+00	-7.3341949E+00
1.9849246E+00	-7.4182390E+00
2.0125628E+00	-7.5246411E+00
2.0402010E+00	-7.6588325E+00
2.0678392E+00	-7.8271303E+00
2.0954774E+00	-8.0372890E+00
2.1231156E+00	-8.2999292E+00
2.1507538E+00	-8.6326190E+00
2.1783920E+00	-9.0939259E+00
2.2060302E+00	-1.1014436E+01
2.2336683E+00	-9.3969451E+00
2.2613065E+00	-9.2560876E+00
2.2889447E+00	-9.5793646E+00
2.3165829E+00	-1.0010673E+01
2.3442211E+00	-1.0409405E+01
2.3718593E+00	-1.0812766E+01
2.3994975E+00	-1.1171487E+01
2.4271357E+00	-1.1457941E+01
2.4547739E+00	-1.1681140E+01
2.4824121E+00	-1.1869021E+01
2.5100503E+00	-1.2035573E+01
2.5376884E+00	-1.2174490E+01
2.5653266E+00	-1.2271408E+01
2.5929648E+00	-1.2321028E+01
2.6206030E+00	-1.2334349E+01
2.6482412E+00	-1.2329075E+01
2.6758794E+00	-1.2318968E+01
2.7035176E+00	-1.2311569E+01
2.7311558E+00	-1.2309498E+01
2.7587940E+00	-1.2313499E+01
2.7864322E+00	-1.2322969E+01
2.8140704E+00	-1.2336980E+01
2.8417085E+00	-1.2354741E+01
2.8693467E+00	-1.2375427E+01
2.8969849E+00	-1.2398490E+01
2.9246231E+00	-1.2423398E+01
2.9522613E+00	-1.2449808E+01
2.9798995E+00	-1.2477309E+01
3.0075377E+00	-1.2505861E+01
3.0351759E+00	-1.2535264E+01
3.0628141E+00	-1.2565388E+01
3.0904523E+00	-1.2595944E+01
3.1180905E+00	-1.2627245E+01
3.1457286E+00	-1.2658812E+01
3.1733668E+00	-1.2690982E+01
3.2010050E+00	-1.2723484E+01
3.2286432E+00	-1.2756339E+01
3.2562814E+00	-1.2789545E+01
3.2839196E+00	-1.2823001E+01
3.3115578E+00	-1.2856847E+01
3.3391960E+00	-1.2891024E+01
3.3668342E+00	-1.2925457E+01
3.3944724E+00	-1.2960145E+01
3.4221106E+00	-1.2995145E+01
3.4497487E+00	-1.3030499E+01
3.4773869E+00	-1.3066031E+01
3.5050251E+00	-1.3101899E+01
3.5326633E+00	-1.3138171E+01
3.5603015E+00	-1.3174600E+01
3.5879397E+00	-1.3211374E+01
3.6155779E+00	-1.3248570E+01
3.6432161E+00	-1.3285981E+01
3.6708543E+00	-1.3323686E+01
3.6984925E+00	-1.3361769E+01
3.7261307E+00	-1.3400203E+01
3.7537688E+00	-1.3438991E+01
3.7814070E+00	-1.3478224E+01
3.8090452E+00	-1.3517829E+01
3.8366834E+00	-1.3557720E+01
3.8643216E+00	-1.3598086E+01
3.8919598E+00	-1.3638999E+01
3.9195980E+00	-1.3680297E+01
3.9472362E+00	-1.3722035E+01
3.9748744E+00	-1.3764357E+01
4.0025126E+00	-1.3807088E+01
4.0301508E+00	-1.3850544E+01
4.0577889E+00	-1.3894582E+01
4.0854271E+00	-1.3939212E+01
4.1130653E+00	-1.3984587E+01
4.1407035E+00	-1.4030582E+01
4.1683417E+00	-1.4077531E+01
4.1959799E+00	-1.4125236E+01
4.2236181E+00	-1.4173890E+01
4.2512563E+00	-1.4223633E+01
4.2788945E+00	-1.4274498E+01
4.3065327E+00	-1.4326478E+01
4.3341709E+00	-1.4379959E+01
4.3618090E+00	-1.4434937E+01
4.3894472E+00	-1.4491582E+01
4.4170854E+00	-1.4550247E+01
4.4447236E+00	-1.4611150E+01
4.4723618E+00	-1.4674579E+01
4.5000000E+00	-1.4741101E+01
2.0000000E+00	-7.4732028E+00
2.0252525E+00	-7.5824720E+00
2.0505051E+00	-7.7171740E+00
2.0757576E+00	-7.8827018E+00
2.1010101E+00	-8.0854169E+00
2.1262626E+00	-8.3337289E+00
2.1515152E+00	-8.6431910E+00
2.1767677E+00	-9.0599980E+00
2.2020202E+00	-1.0001144E+01
2.2272727E+00	-9.4857182E+00
2.2525253E+00	-9.2648100E+00
2.2777778E+00	-9.4178256E+00
2.3030303E+00	-9.7875648E+00
2.3282828E+00	-1.0167482E+01
2.3535354E+00	-1.0561080E+01
2.3787879E+00	-1.0908411E+01
2.4040404E+00	-1.1223788E+01
2.4292929E+00	-1.1477280E+01
2.4545455E+00	-1.1679477E+01
2.4797980E+00	-1.1852226E+01
2.5050505E+00	-1.2007181E+01
2.5303030E+00	-1.2140958E+01
2.5555556E+00	-1.2242667E+01
2.5808081E+00	-1.2304636E+01
2.6060606E+00	-1.2330750E+01
2.6313131E+00	-1.2333664E+01
2.6565657E+00	-1.2326079E+01
2.6818182E+00	-1.2316984E+01
2.7070707E+00	-1.2310911E+01
2.7323232E+00	-1.2309610E+01
2.7575758E+00	-1.2313254E+01
2.7828283E+00	-1.2321431E+01
2.8080808E+00	-1.2333575E+01
2.8333333E+00	-1.2349047E+01
2.8585859E+00	-1.2367099E+01
2.8838384E+00	-1.2387218E+01
2.9090909E+00	-1.2409138E+01
2.9343434E+00	-1.2432496E+01
2.9595960E+00	-1.2456909E+01
2.9848485E+00	-1.2482425E+01
3.0101010E+00	-1.2508593E+01
3.0353535E+00	-1.2535477E+01
3.0606061E+00	-1.2562958E+01
3.0858586E+00	-1.2590902E+01
3.1111111E+00	-1.2619271E+01
3.1363636E+00	-1.2648146E+01
3.1616162E+00	-1.2677300E+01
3.1868687E+00	-1.2706828E+01
3.2121212E+00	-1.2736654E+01
3.2373737E+00	-1.2766743E+01
3.2626263E+00	-1.2797146E+01
3.2878788E+00	-1.2827863E+01
3.3131313E+00	-1.2858720E+01
3.3383838E+00	-1.2889972E+01
3.3636364E+00	-1.2921364E+01
3.3888889E+00	-1.2953146E+01
3.4141414E+00	-1.2985064E+01
3.4393939E+00	-1.3017221E+01
3.4646465E+00	-1.3049586E+01
3.4898990E+00	-1.3082312E+01
3.5151515E+00	-1.3115185E+01
3.5404040E+00	-1.3148341E+01
3.5656566E+00	-1.3181695E+01
3.5909091E+00	-1.3215356E+01
3.6161616E+00	-1.3249342E+01
3.6414141E+00	-1.3283560E+01
3.6666667E+00	-1.3317929E+01
3.6919192E+00	-1.3352668E+01
3.7171717E+00	-1.3387698E+01
3.7424242E+00	-1.3423113E+01
3.7676768E+00	-1.3458730E+01
3.7929293E+00	-1.3494665E+01
3.8181818E+00	-1.3530923E+01
3.8434343E+00	-1.3567516E+01
3.8686869E+00	-1.3604531E+01
3.8939394E+00	-1.3641925E+01
3.9191919E+00	-1.3679645E+01
3.9444444E+00	-1.3717771E+01
3.9696970E+00	-1.3756365E+01
3.9949495E+00	-1.3795328E+01
4.0202020E+00	-1.3834835E+01
4.0454545E+00	-1.3874814E+01
4.0707071E+00	-1.3915305E+01
4.0959596E+00	-1.3956349E+01
4.1212121E+00	-1.3998025E+01
4.1464646E+00	-1.4040315E+01
4.1717172E+00	-1.4083216E+01
4.1969697E+00	-1.4126940E+01
4.2222222E+00	-1.4171401E+01
4.2474747E+00	-1.4216754E+01
4.2727273E+00	-1.4262996E+01
4.2979798E+00	-1.4310219E+01
4.3232323E+00	-1.4358558E+01
4.3484848E+00	-1.4408151E+01
4.3737374E+00	-1.4459132E+01
4.3989899E+00	-1.4511654E+01
4.4242424E+00	-1.4565805E+01
4.4494949E+00	-1.4621891E+01
4.4747475E+00	-1.4680262E+01
4.5000000E+00	-1.4741101E+01
-1.0000000E+00	-7.4844933E+00
-8.8775510E-01	-7.4844938E+00
-7.7551020E-01	-7.4844942E+00
-6.6326531E-01	-7.4844945E+00
-5.5102041E-01	-7.4844947E+00
-4.3877551E-01	-7.4844949E+00
-3.2653061E-01	-7.4844950E+00
-2.1428571E-01	-7.4844951E+00
-1.0204082E-01	-7.4844952E+00
1.0204082E-02	-7.4844952E+00
1.2244898E-01	-7.4844953E+00
2.3469388E-01	-7.4844953E+00
3.4693878E-01	-7.4844954E+00
4.5918367E-01	-7.4844954E+00
5.7142857E-01	-7.4844957E+00
6.8367347E-01	-7.4844963E+00
7.9591837E-01	-7.4844984E+00
9.0816327E-01	-7.4845052E+00
1.0204082E+00	-7.4845267E+00
1.1326531E+00	-7.4845953E+00
1.2448980E+00	-7.4848120E+00
1.3571429E+00	-7.4854919E+00
1.4693878E+00	-7.4875930E+00
1.5816327E+00	-7.4938934E+00
1.6938776E+00	-7.5120082E+00
1.8061224E+00	-7.5620954E+00
1.9183673E+00	-7.6982992E+00
2.0306122E+00	-8.0617205E+00
2.1428571E+00	-8.9815038E+00
2.2551020E+00	-9.7112370E+00
2.3673469E+00	-1.1201862E+01
2.4795918E+00	-1.2303888E+01
2.5918367E+00	-1.2772757E+01
2.7040816E+00	-1.2764367E+01
2.8163265E+00	-1.2791212E+01
2.9285714E+00	-1.2880080E+01
3.0408163E+00	-1.2994259E+01
3.1530612E+00	-1.3120350E+01
3.2653061E+00	-1.3253425E+01
3.3775510E+00	-1.3391852E+01
3.4897959E+00	-1.3535145E+01
3.6020408E+00	-1.3683289E+01
3.7142857E+00	-1.3836673E+01
3.8265306E+00	-1.3995978E+01
3.9387755E+00	-1.4162100E+01
4.0510204E+00	-1.4336642E+01
4.1632653E+00	-1.4521798E+01
4.2755102E+00	-1.4721128E+01
4.3877551E+00	-1.4941093E+01
4.5000000E+00	-1.5194184E+01
-1.0000000E+00	-7.1812891E+00
-8.5897436E-01	-7.1812898E+00
-7.1794872E-01	-7.1812902E+00
-5.7692308E-01	-7.1812905E+00
-4.3589744E-01	-7.1812907E+00
-2.9487179E-01	-7.1812909E+00
-1.5384615E-01	-7.1812910E+00
-1.2820513E-02	-7.1812911E+00
1.2820513E-01	-7.1812911E+00
2.6923077E-01	-7.1812912E+00
4.1025641E-01	-7.1812912E+00
5.5128205E-01	-7.1812914E+00
6.9230769E-01	-7.1812923E+00
8.3333333E-01	-7.1812957E+00
9.7435897E-01	-7.1813107E+00
1.1153846E+00	-7.1813748E+00
1.2564103E+00	-7.1816475E+00
1.3974359E+00	-7.1827916E+00
1.5384615E+00	-7.1874466E+00
1.6794872E+00	-7.2053175E+00
1.8205128E+00	-7.2697454E+00
1.9615385E+00	-7.4956357E+00
2.1025641E+00	-8.2489318E+00
2.2435897E+00	-9.4564238E+00
2.3846154E+00	-1.1135922E+01
2.5256410E+00	-1.2268061E+01
2.6666667E+00	-1.2472143E+01
2.8076923E+00	-1.2483134E+01
2.9487179E+00	-1.2596038E+01
3.0897436E+00	-1.2745057E+01
3.2307692E+00	-1.2908636E+01
3.3717949E+00	-1.3081398E+01
3.5128205E+00	-1.3261849E+01
3.6538462E+00	-1.3450219E+01
3.7948718E+00	-1.3647165E+01
3.9358974E+00	-1.3854616E+01
4.0769231E+00	-1.4075141E+01
4.2179487E+00	-1.4313617E+01
4.3589744E+00	-1.4578986E+01
4.5000000E+00	-1.4890911E+01
-1.0000000E+00	-7.3328904E+00
-8.5897436E-01	-7.3328910E+00
-7.1794872E-01	-7.3328915E+00
-5.7692308E-01	-7.3328918E+00
-4.3589744E-01	-7.3328920E+00
-2.9487179E-01	-7.3328922E+00
-1.5384615E-01	-7.3328923E+00
-1.2820513E-02	-7.3328923E+00
1.2820513E-01	-7.3328924E+00
2.6923077E-01	-7.3328924E+00
4.1025641E-01	-7.3328925E+00
5.5128205E-01	-7.3328927E+00
6.9230769E-01	-7.3328935E+00
8.3333333E-01	-7.3328970E+00
9.7435897E-01	-7.3329120E+00
1.1153846E+00	-7.3329761E+00
1.2564103E+00	-7.3332487E+00
1.3974359E+00	-7.3343927E+00
1.5384615E+00	-7.3390485E+00
1.6794872E+00	-7.3569200E+00
1.8205128E+00	-7.4213459E+00
1.9615385E+00	-7.6472313E+00
2.1025641E+00	-8.4006127E+00
2.2435897E+00	-9.6099135E+00
2.3846154E+00	-1.1287583E+01
2.5256410E+00	-1.2419721E+01
2.6666667E+00	-1.2623657E+01
2.8076923E+00	-1.2634743E+01
2.9487179E+00	-1.2747679E+01
3.0897436E+00	-1.2896550E+01
3.2307692E+00	-1.3060193E+01
3.3717949E+00	-1.3232949E+01
3.5128205E+00	-1.3413464E+01
3.6538462E+00	-1.3601780E+01
3.7948718E+00	-1.3798757E+01
3.9358974E+00	-1.4006198E+01
4.0769231E+00	-1.4226803E+01
4.2179487E+00	-1.4465265E+01
4.3589744E+00	-1.4730518E+01
4.5000000E+00	-1.5042558E+01
-1.0000000E+00	-7.4086916E+00
-8.5897436E-01	-7.4086922E+00
-7.1794872E-01	-7.4086927E+00
-5.7692308E-01	-7.4086930E+00
-4.3589744E-01	-7.4086932E+00
-2.9487179E-01	-7.4086934E+00
-1.5384615E-01	-7.4086935E+00
-1.2820513E-02	-7.4086935E+00
1.2820513E-01	-7.4086936E+00
2.6923077E-01	-7.4086936E+00
4.1025641E-01	-7.4086937E+00
5.5128205E-01	-7.4086939E+00
6.9230769E-01	-7.4086947E+00
8.3333333E-01	-7.4086982E+00
9.7435897E-01	-7.4087132E+00
1.1153846E+00	-7.4087773E+00
1.2564103E+00	-7.4090500E+00
1.3974359E+00	-7.4101939E+00
1.5384615E+00	-7.4148490E+00
1.6794872E+00	-7.4327198E+00
1.8205128E+00	-7.4971438E+00
1.9615385E+00	-7.7230179E+00
2.1025641E+00	-8.4763265E+00
2.2435897E+00	-9.6856127E+00
2.3846154E+00	-1.1363317E+01
2.5256410E+00	-1.2495518E+01
2.6666667E+00	-1.2699482E+01
2.8076923E+00	-1.2710619E+01
2.9487179E+00	-1.2823497E+01
3.0897436E+00	-1.2972356E+01
3.2307692E+00	-1.3136032E+01
3.3717949E+00	-1.3308749E+01
3.5128205E+00	-1.3489345E+01
3.6538462E+00	-1.3677535E+01
3.7948718E+00	-1.3874576E+01
3.9358974E+00	-1.4082031E+01
4.0769231E+00	-1.4302551E+01
4.2179487E+00	-1.4541042E+01
4.3589744E+00	-1.4806410E+01
4.5000000E+00	-1.5118320E+01
-1.0000000E+00	-7.4844933E+00
-8.5897436E-01	-7.4844939E+00
-7.1794872E-01	-7.4844944E+00
-5.7692308E-01	-7.4844947E+00
-4.3589744E-01	-7.4844949E+00
-2.9487179E-01	-7.4844951E+00
-1.5384615E-01	-7.4844952E+00
-1.2820513E-02	-7.4844952E+00
1.2820513E-01	-7.4844953E+00
2.6923077E-01	-7.4844953E+00
4.1025641E-01	-7.4844954E+00
5.5128205E-01	-7.4844956E+00
6.9230769E-01	-7.4844964E+00
8.3333333E-01	-7.4844999E+00
9.7435897E-01	-7.4845149E+00
1.1153846E+00	-7.4845790E+00
1.2564103E+00	-7.4848517E+00
1.3974359E+00	-7.4859956E+00
1.5384615E+00	-7.4906513E+00
1.6794872E+00	-7.5085216E+00
1.8205128E+00	-7.5729420E+00
1.9615385E+00	-7.7988171E+00
2.1025641E+00	-8.5521174E+00
2.2435897E+00	-9.7615393E+00
2.3846154E+00	-1.1439202E+01
2.5256410E+00	-1.2571292E+01
2.6666667E+00	-1.2775275E+01
2.8076923E+00	-1.2786373E+01
2.9487179E+00	-1.2899294E+01
3.0897436E+00	-1.3048145E+01
3.2307692E+00	-1.3211792E+01
3.3717949E+00	-1.3384622E+01
3.5128205E+00	-1.3565121E+01
3.6538462E+00	-1.3753345E+01
3.7948718E+00	-1.3950368E+01
3.9358974E+00	-1.4157778E+01
4.0769231E+00	-1.4378398E+01
4.2179487E+00	-1.4616792E+01
4.3589744E+00	-1.4882133E+01
4.5000000E+00	-1.5194184E+01
-1.0000000E+00	-7.4844933E+00
-9.7236181E-01	-7.4844934E+00
-9.4472362E-01	-7.4844935E+00
-9.1708543E-01	-7.4844937E+00
-8.8944724E-01	-7.4844938E+00
-8.6180905E-01	-7.4844939E+00
-8.3417085E-01	-7.4844940E+00
-8.0653266E-01	-7.4844941E+00
-7.7889447E-01	-7.4844942E+00
-7.5125628E-01	-7.4844943E+00
-7.2361809E-01	-7.4844944E+00
-6.9597990E-01	-7.4844944E+00
-6.6834171E-01	-7.4844945E+00
-6.4070352E-01	-7.4844946E+00
-6.1306533E-01	-7.4844946E+00
-5.8542714E-01	-7.4844947E+00
-5.5778894E-01	-7.4844947E+00
-5.3015075E-01	-7.4844948E+00
-5.0251256E-01	-7.4844948E+00
-4.7487437E-01	-7.4844949E+00
-4.4723618E-01	-7.4844949E+00
-4.1959799E-01	-7.4844949E+00
-3.9195980E-01	-7.4844950E+00
-3.6432161E-01	-7.4844950E+00
-3.3668342E-01	-7.4844950E+00
-3.0904523E-01	-7.4844950E+00
-2.8140704E-01	-7.4844951E+00
-2.5376884E-01	-7.4844951E+00
-2.2613065E-01	-7.4844951E+00
-1.9849246E-01	-7.4844951E+00
-1.7085427E-01	-7.4844951E+00
-1.4321608E-01	-7.4844952E+00
-1.1557789E-01	-7.4844952E+00
-8.7939698E-02	-7.4844952E+00
-6.0301508E-02	-7.4844952E+00
-3.2663317E-02	-7.4844952E+00
-5.0251256E-03	-7.4844952E+00
2.2613065E-02	-7.4844952E+00
5.0251256E-02	-7.4844953E+00
7.7889447E-02	-7.4844953E+00
1.0552764E-01	-7.4844953E+00
1.3316583E-01	-7.4844953E+00
1.6080402E-01	-7.4844953E+00
1.8844221E-01	-7.4844953E+00
2.1608040E-01	-7.4844953E+00
2.4371859E-01	-7.4844953E+00
2.7135678E-01	-7.4844953E+00
2.9899497E-01	-7.4844953E+00
3.2663317E-01	-7.4844953E+00
3.5427136E-01	-7.4844954E+00
3.8190955E-01	-7.4844954E+00
4.0954774E-01	-7.4844954E+00
4.3718593E-01	-7.4844954E+00
4.6482412E-01	-7.4844954E+00
4.9246231E-01	-7.4844955E+00
5.2010050E-01	-7.4844955E+00
5.4773869E-01	-7.4844956E+00
5.7537688E-01	-7.4844957E+00
6.0301508E-01	-7.4844958E+00
6.3065327E-01	-7.4844959E+00
6.5829146E-01	-7.4844961E+00
6.8592965E-01	-7.4844964E+00
7.1356784E-01	-7.4844967E+00
7.4120603E-01	-7.4844971E+00
7.6884422E-01	-7.4844977E+00
7.9648241E-01	-7.4844985E+00
8.2412060E-01	-7.4844995E+00
8.5175879E-01	-7.4845009E+00
8.7939698E-01	-7.4845027E+00
9.0703518E-01	-7.4845051E+00
9.3467337E-01	-7.4845083E+00
9.6231156E-01	-7.4845126E+00
9.8994975E-01	-7.4845183E+00
1.0175879E+00	-7.4845258E+00
1.0452261E+00	-7.4845359E+00
1.0728643E+00	-7.4845493E+00
1.1005025E+00	-7.4845671E+00
1.1281407E+00	-7.4845907E+00
1.1557789E+00	-7.4846221E+00
1.1834171E+00	-7.4846638E+00
1.2110553E+00	-7.4847191E+00
1.2386935E+00	-7.4847925E+00
1.2663317E+00	-7.4848898E+00
1.2939698E+00	-7.4850186E+00
1.3216080E+00	-7.4851892E+00
1.3492462E+00	-7.4854150E+00
1.3768844E+00	-7.4857133E+00
1.4045226E+00	-7.4861073E+00
1.4321608E+00	-7.4866265E+00
1.4597990E+00	-7.4873090E+00
1.4874372E+00	-7.4882058E+00
1.5150754E+00	-7.4893796E+00
1.5427136E+00	-7.4909144E+00
1.5703518E+00	-7.4929151E+00
1.5979899E+00	-7.4955133E+00
1.6256281E+00	-7.4988814E+00
1.6532663E+00	-7.5032327E+00
1.6809045E+00	-7.5088445E+00
1.7085427E+00	-7.5160607E+00
1.7361809E+00	-7.5253215E+00
1.7638191E+00	-7.5371883E+00
1.7914573E+00	-7.5523801E+00
1.8190955E+00	-7.5718137E+00
1.8467337E+00	-7.5966802E+00
1.8743719E+00	-7.6284648E+00
1.9020101E+00	-7.6690983E+00
1.9296482E+00	-7.7210027E+00
1.9572864E+00	-7.7871607E+00
1.9849246E+00	-7.8712147E+00
2.0125628E+00	-7.9776339E+00
2.0402010E+00	-8.1117658E+00
2.0678392E+00	-8.2800610E+00
2.0954774E+00	-8.4903875E+00
2.1231156E+00	-8.7527902E+00
2.1507538E+00	-9.0856134E+00
2.1783920E+00	-9.5465592E+00
2.2060302E+00	-1.1288558E+01
2.2336683E+00	-9.8500452E+00
2.2613065E+00	-9.7081772E+00
2.2889447E+00	-1.0032565E+01
2.3165829E+00	-1.0443673E+01
2.3442211E+00	-1.0861117E+01
2.3718593E+00	-1.1265836E+01
2.3994975E+00	-1.1624477E+01
2.4271357E+00	-1.1910904E+01
2.4547739E+00	-1.2134111E+01
2.4824121E+00	-1.2322002E+01
2.5100503E+00	-1.2488613E+01
2.5376884E+00	-1.2627498E+01
2.5653266E+00	-1.2724330E+01
2.5929648E+00	-1.2773970E+01
2.6206030E+00	-1.2787302E+01
2.6482412E+00	-1.2782093E+01
2.6758794E+00	-1.2771963E+01
2.7035176E+00	-1.2764494E+01
2.7311558E+00	-1.2762487E+01
2.7587940E+00	-1.2766548E+01
2.7864322E+00	-1.2775907E+01
2.8140704E+00	-1.2789943E+01
2.8417085E+00	-1.2807694E+01
2.8693467E+00	-1.2828432E+01
2.8969849E+00	-1.2851468E+01
2.9246231E+00	-1.2876353E+01
2.9522613E+00	-1.2902768E+01
2.9798995E+00	-1.2930257E+01
3.0075377E+00	-1.2958779E+01
3.0351759E+00	-1.2988241E+01
3.0628141E+00	-1.3018261E+01
3.0904523E+00	-1.3049013E+01
3.1180905E+00	-1.3080124E+01
3.1457286E+00	-1.3111852E+01
3.1733668E+00	-1.3143976E+01
3.2010050E+00	-1.3176342E+01
3.2286432E+00	-1.3209210E+01
3.2562814E+00	-1.3242443E+01
3.2839196E+00	-1.3275987E+01
3.3115578E+00	-1.3309861E+01
3.3391960E+00	-1.3343991E+01
3.3668342E+00	-1.3378329E+01
3.3944724E+00	-1.3413152E+01
3.4221106E+00	-1.3448113E+01
3.4497487E+00	-1.3483374E+01
3.4773869E+00	-1.3519000E+01
3.5050251E+00	-1.3554927E+01
3.5326633E+00	-1.3591086E+01
3.5603015E+00	-1.3627631E+01
3.5879397E+00	-1.3664359E+01
3.6155779E+00	-1.3701422E+01
3.6432161E+00	-1.3738890E+01
3.6708543E+00	-1.3776656E+01
3.6984925E+00	-1.3814776E+01
3.7261307E+00	-1.3853256E+01
3.7537688E+00	-1.3892022E+01
3.7814070E+00	-1.3931132E+01
3.8090452E+00	-1.3970710E+01
3.8366834E+00	-1.4010757E+01
3.8643216E+00	-1.4051139E+01
3.8919598E+00	-1.4091949E+01
3.9195980E+00	-1.4133267E+01
3.9472362E+00	-1.4174995E+01
3.9748744E+00	-1.4217274E+01
4.0025126E+00	-1.4260104E+01
4.0301508E+00	-1.4303535E+01
4.0577889E+00	-1.4347494E+01
4.0854271E+00	-1.4392171E+01
4.1130653E+00	-1.4437545E+01
4.1407035E+00	-1.4483572E+01
4.1683417E+00	-1.4530451E+01
4.1959799E+00	-1.4578119E+01
4.2236181E+00	-1.4626849E+01
4.2512563E+00	-1.4676612E+01
4.2788945E+00	-1.4727424E+01
4.3065327E+00	-1.4779500E+01
4.3341709E+00	-1.4832885E+01
4.3618090E+00	-1.4887858E+01
4.3894472E+00	-1.4944579E+01
4.4170854E+00	-1.5003220E+01
4.4447236E+00	-1.5064173E+01
4.4723618E+00	-1.5127579E+01
4.5000000E+00	-1.5194184E+01
3.0000000E+00	-1.2951007E+01
3.0306122E+00	-1.2983368E+01
3.0612245E+00	-1.3016590E+01
3.0918367E+00	-1.3050547E+01
3.1224490E+00	-1.3085088E+01
3.1530612E+00	-1.3120350E+01
3.1836735E+00	-1.3156005E+01
3.2142857E+00	-1.3192162E+01
3.2448980E+00	-1.3228776E+01
3.2755102E+00	-1.3265789E+01
3.3061224E+00	-1.3303123E+01
3.3367347E+00	-1.3340930E+01
3.3673469E+00	-1.3379087E+01
3.3979592E+00	-1.3417533E+01
3.4285714E+00	-1.3456312E+01
3.4591837E+00	-1.3495487E+01
3.4897959E+00	-1.3535074E+01
3.5204082E+00	-1.3574983E+01
3.5510204E+00	-1.3615362E+01
3.5816327E+00	-1.3655962E+01
3.6122449E+00	-1.3696950E+01
3.6428571E+00	-1.3738396E+01
3.6734694E+00	-1.3780270E+01
3.7040816E+00	-1.3822465E+01
3.7346939E+00	-1.3865136E+01
3.7653061E+00	-1.3908340E+01
3.7959184E+00	-1.3951954E+01
3.8265306E+00	-1.3995961E+01
3.8571429E+00	-1.4040591E+01
3.8877551E+00	-1.4085699E+01
3.9183673E+00	-1.4131378E+01
3.9489796E+00	-1.4177680E+01
3.9795918E+00	-1.4224569E+01
4.0102041E+00	-1.4272145E+01
4.0408163E+00	-1.4320471E+01
4.0714286E+00	-1.4369471E+01
4.1020408E+00	-1.4419285E+01
4.1326531E+00	-1.4470013E+01
4.1632653E+00	-1.4521798E+01
4.1938776E+00	-1.4574514E+01
4.2244898E+00	-1.4628503E+01
4.2551020E+00	-1.4683606E+01
4.2857143E+00	-1.4740206E+01
4.3163265E+00	-1.4798250E+01
4.3469388E+00	-1.4858105E+01
4.3775510E+00	-1.4919961E+01
4.4081633E+00	-1.4984077E+01
4.4387755E+00	-1.5050875E+01
4.4693878E+00	-1.5120617E+01
4.5000000E+00	-1.5194184E+01
-1.0000000E+00	-7.4844933E+00
-9.7911647E-01	-7.4844934E+00
-9.5823293E-01	-7.4844935E+00
-9.3734940E-01	-7.4844936E+00
-9.1646586E-01	-7.4844937E+00
-8.9558233E-01	-7.4844938E+00
-8.7469880E-01	-7.4844939E+00
-8.5381526E-01	-7.4844939E+00
-8.3293173E-01	-7.4844940E+00
-8.1204819E-01	-7.4844941E+00
-7.9116466E-01	-7.4844942E+00
-7.7028112E-01	-7.4844942E+00
-7.4939759E-01	-7.4844943E+00
-7.2851406E-01	-7.4844944E+00
-7.0763052E-01	-7.4844944E+00
-6.8674699E-01	-7.4844945E+00
-6.6586345E-01	-7.4844945E+00
-6.4497992E-01	-7.4844946E+00
-6.2409639E-01	-7.4844946E+00
-6.0321285E-01	-7.4844946E+00
-5.8232932E-01	-7.4844947E+00
-5.6144578E-01	-7.4844947E+00
-5.4056225E-01	-7.4844948E+00
-5.1967871E-01	-7.4844948E+00
-4.9879518E-01	-7.4844948E+00
-4.7791165E-01	-7.4844949E+00
-4.5702811E-01	-7.4844949E+00
-4.3614458E-01	-7.4844949E+00
-4.1526104E-01	-7.4844949E+00
-3.9437751E-01	-7.4844950E+00
-3.7349398E-01	-7.4844950E+00
-3.5261044E-01	-7.4844950E+00
-3.3172691E-01	-7.4844950E+00
-3.1084337E-01	-7.4844950E+00
-2.8995984E-01	-7.4844951E+00
-2.6907631E-01	-7.4844951E+00
-2.4819277E-01	-7.4844951E+00
-2.2730924E-01	-7.4844951E+00
-2.0642570E-01	-7.4844951E+00
-1.8554217E-01	-7.4844951E+00
-1.6465863E-01	-7.4844952E+00
-1.4377510E-01	-7.4844952E+00
-1.2289157E-01	-7.4844952E+00
-1.0200803E-01	-7.4844952E+00
-8.1124498E-02	-7.4844952E+00
-6.0240964E-02	-7.4844952E+00
-3.9357430E-02	-7.4844952E+00
-1.8473896E-02	-7.4844952E+00
2.4096386E-03	-7.4844952E+00
2.3293173E-02	-7.4844952E+00
4.4176707E-02	-7.4844953E+00
6.5060241E-02	-7.4844953E+00
8.5943775E-02	-7.4844953E+00
1.0682731E-01	-7.4844953E+00
1.2771084E-01	-7.4844953E+00
1.4859438E-01	-7.4844953E+00
1.6947791E-01	-7.4844953E+00
1.9036145E-01	-7.4844953E+00
2.1124498E-01	-7.4844953E+00
2.3212851E-01	-7.4844953E+00
2.5301205E-01	-7.4844953E+00
2.7389558E-01	-7.4844953E+00
2.9477912E-01	-7.4844953E+00
3.1566265E-01	-7.4844953E+00
3.3654618E-01	-7.4844953E+00
3.5742972E-01	-7.4844954E+00
3.7831325E-01	-7.4844954E+00
3.9919679E-01	-7.4844954E+00
4.2008032E-01	-7.4844954E+00
4.4096386E-01	-7.4844954E+00
4.6184739E-01	-7.4844954E+00
4.8273092E-01	-7.4844955E+00
5.0361446E-01	-7.4844955E+00
5.2449799E-01	-7.4844955E+00
5.4538153E-01	-7.4844956E+00
5.6626506E-01	-7.4844957E+00
5.8714859E-01	-7.4844957E+00
6.0803213E-01	-7.4844958E+00
6.2891566E-01	-7.4844959E+00
6.4979920E-01	-7.4844960E+00
6.7068273E-01	-7.4844962E+00
6.9156627E-01	-7.4844964E+00
7.1244980E-01	-7.4844967E+00
7.3333333E-01	-7.4844970E+00
7.5421687E-01	-7.4844974E+00
7.7510040E-01	-7.4844978E+00
7.9598394E-01	-7.4844984E+00
8.1686747E-01	-7.4844992E+00
8.3775100E-01	-7.4845001E+00
8.5863454E-01	-7.4845013E+00
8.7951807E-01	-7.4845027E+00
9.0040161E-01	-7.4845044E+00
9.2128514E-01	-7.4845066E+00
9.4216867E-01	-7.4845093E+00
9.6305221E-01	-7.4845127E+00
9.8393574E-01	-7.4845169E+00
1.0048193E+00	-7.4845221E+00
1.0257028E+00	-7.4845285E+00
1.0465863E+00	-7.4845365E+00
1.0674699E+00	-7.4845464E+00
1.0883534E+00	-7.4845586E+00
1.1092369E+00	-7.4845739E+00
1.1301205E+00	-7.4845927E+00
1.1510040E+00	-7.4846160E+00
1.1718876E+00	-7.4846450E+00
1.1927711E+00	-7.4846808E+00
1.2136546E+00	-7.4847252E+00
1.2345382E+00	-7.4847801E+00
1.2554217E+00	-7.4848480E+00
1.2763052E+00	-7.4849321E+00
1.2971888E+00	-7.4850361E+00
1.3180723E+00	-7.4851646E+00
1.3389558E+00	-7.4853235E+00
1.3598394E+00	-7.4855197E+00
1.3807229E+00	-7.4857617E+00
1.4016064E+00	-7.4860605E+00
1.4224900E+00	-7.4864284E+00
1.4433735E+00	-7.4868808E+00
1.4642570E+00	-7.4874378E+00
1.4851406E+00	-7.4881215E+00
1.5060241E+00	-7.4889599E+00
1.5269076E+00	-7.4899875E+00
1.5477912E+00	-7.4912436E+00
1.5686747E+00	-7.4927771E+00
1.5895582E+00	-7.4946464E+00
1.6104418E+00	-7.4969234E+00
1.6313253E+00	-7.4996901E+00
1.6522088E+00	-7.5030468E+00
1.6730924E+00	-7.5071125E+00
1.6939759E+00	-7.5120331E+00
1.7148594E+00	-7.5179809E+00
1.7357430E+00	-7.5251541E+00
1.7566265E+00	-7.5338127E+00
1.7775100E+00	-7.5442443E+00
1.7983936E+00	-7.5568187E+00
1.8192771E+00	-7.5719642E+00
1.8401606E+00	-7.5902015E+00
1.8610442E+00	-7.6121590E+00
1.8819277E+00	-7.6385979E+00
1.9028112E+00	-7.6704406E+00
1.9236948E+00	-7.7087462E+00
1.9445783E+00	-7.7547701E+00
1.9654618E+00	-7.8099645E+00
1.9863454E+00	-7.8760813E+00
2.0072289E+00	-7.9551226E+00
2.0281124E+00	-8.0493169E+00
2.0489960E+00	-8.1612682E+00
2.0698795E+00	-8.2940559E+00
2.0907631E+00	-8.4510341E+00
2.1116466E+00	-8.6366973E+00
2.1325301E+00	-8.8570127E+00
2.1534137E+00	-9.1227310E+00
2.1742972E+00	-9.4639700E+00
2.1951807E+00	-1.0030634E+01
2.2160643E+00	-1.0230900E+01
2.2369478E+00	-9.8150508E+00
2.2578313E+00	-9.7074400E+00
2.2787149E+00	-9.8870009E+00
2.2995984E+00	-1.0189369E+01
2.3204819E+00	-1.0502385E+01
2.3413655E+00	-1.0818375E+01
2.3622490E+00	-1.1128379E+01
2.3831325E+00	-1.1419561E+01
2.4040161E+00	-1.1676485E+01
2.4248996E+00	-1.1890439E+01
2.4457831E+00	-1.2066665E+01
2.4666667E+00	-1.2217962E+01
2.4875502E+00	-1.2354592E+01
2.5084337E+00	-1.2479452E+01
2.5293173E+00	-1.2589159E+01
2.5502008E+00	-1.2677222E+01
2.5710843E+00	-1.2738457E+01
2.5919679E+00	-1.2772920E+01
2.6128514E+00	-1.2786266E+01
2.6337349E+00	-1.2786190E+01
2.6546185E+00	-1.2779834E+01
2.6755020E+00	-1.2772065E+01
2.6963855E+00	-1.2765972E+01
2.7172691E+00	-1.2762721E+01
2.7381526E+00	-1.2762997E+01
2.7590361E+00	-1.2766549E+01
2.7799197E+00	-1.2773289E+01
2.8008032E+00	-1.2782631E+01
2.8216867E+00	-1.2794484E+01
2.8425703E+00	-1.2808297E+01
2.8634538E+00	-1.2823826E+01
2.8843373E+00	-1.2840700E+01
2.9052209E+00	-1.2858696E+01
2.9261044E+00	-1.2877772E+01
2.9469880E+00	-1.2897659E+01
2.9678715E+00	-1.2918176E+01
2.9887550E+00	-1.2939381E+01
3.0096386E+00	-1.2961005E+01
3.0305221E+00	-1.2983190E+01
3.0514056E+00	-1.3005819E+01
3.0722892E+00	-1.3028743E+01
3.0931727E+00	-1.3052080E+01
3.1140562E+00	-1.3075571E+01
3.1349398E+00	-1.3099359E+01
3.1558233E+00	-1.3123508E+01
3.1767068E+00	-1.3147898E+01
3.1975904E+00	-1.3172455E+01
3.2184739E+00	-1.3197120E+01
3.2393574E+00	-1.3222099E+01
3.2602410E+00	-1.3247241E+01
3.2811245E+00	-1.3272637E+01
3.3020080E+00	-1.3298146E+01
3.3228916E+00	-1.3323780E+01
3.3437751E+00	-1.3349638E+01
3.3646586E+00	-1.3375623E+01
3.3855422E+00	-1.3401833E+01
3.4064257E+00	-1.3428178E+01
3.4273092E+00	-1.3454804E+01
3.4481928E+00	-1.3481464E+01
3.4690763E+00	-1.3508336E+01
3.4899598E+00	-1.3535291E+01
3.5108434E+00	-1.3562468E+01
3.5317269E+00	-1.3589841E+01
3.5526104E+00	-1.3617450E+01
3.5734940E+00	-1.3645147E+01
3.5943775E+00	-1.3672955E+01
3.6152610E+00	-1.3701071E+01
3.6361446E+00	-1.3729247E+01
3.6570281E+00	-1.3757702E+01
3.6779116E+00	-1.3786335E+01
3.6987952E+00	-1.3815173E+01
3.7196787E+00	-1.3844189E+01
3.7405622E+00	-1.3873441E+01
3.7614458E+00	-1.3902895E+01
3.7823293E+00	-1.3932530E+01
3.8032129E+00	-1.3962368E+01
3.8240964E+00	-1.3992409E+01
3.8449799E+00	-1.4022825E+01
3.8658635E+00	-1.4053365E+01
3.8867470E+00	-1.4084188E+01
3.9076305E+00	-1.4115324E+01
3.9285141E+00	-1.4146643E+01
3.9493976E+00	-1.4178264E+01
3.9702811E+00	-1.4210220E+01
3.9911647E+00	-1.4242472E+01
4.0120482E+00	-1.4274991E+01
4.0329317E+00	-1.4307912E+01
4.0538153E+00	-1.4341075E+01
4.0746988E+00	-1.4374787E+01
4.0955823E+00	-1.4408769E+01
4.1164659E+00	-1.4443144E+01
4.1373494E+00	-1.4477877E+01
4.1582329E+00	-1.4513218E+01
4.1791165E+00	-1.4548937E+01
4.2000000E+00	-1.4585145E+01
