-6.	9.99999583333333333359374999999998e-32
-5.97714285714285714285714285714285714285714285714285714285714	1.301024645522173410789803431567973e-31
-5.95428571428571428571428571428571428571428571428571428571429	1.69266583147387954511334919832187e-31
-5.93142857142857142857142857142857142857142857142857142857143	2.20220087546038246026820647368428e-31
-5.90857142857142857142857142857142857142857142857142857142857	2.86511879612969344480954867814361e-31
-5.88571428571428571428571428571428571428571428571428571428571	3.72759169960934494630374739925492e-31
-5.86285714285714285714285714285714285714285714285714285714286	4.84969065746837823406155130661857e-31
-5.84	6.30956964475676851188255625752875e-31
-5.81714285714285714285714285714285714285714285714285714285714	8.2089089485117601911086992597646e-31
-5.79428571428571428571428571428571428571428571428571428571429	1.06799971789571771303346532217484e-30
-5.77142857142857142857142857142857142857142857142857142857143	1.389494514392873024405957009745502e-30
-5.74857142857142857142857142857142857142857142857142857142857	1.80776733308437449398463964682352e-30
-5.72571428571428571428571428571428571428571428571428571428571	2.351950792165552844452944159830797e-30
-5.70285714285714285714285714285714285714285714285714285714286	3.059947159970603544067513743997935e-30
-5.68	3.981068239852592914185513123960151e-30
-5.65714285714285714285714285714285714285714285714285714285714	5.179469926627361755692327199160674e-30
-5.63428571428571428571428571428571428571428571428571428571429	6.738620650629500244032905625560479e-30
-5.61142857142857142857142857142857142857142857142857142857143	8.767114935442445434847722194537354e-30
-5.58857142857142857142857142857142857142857142857142857142857	1.1406236982190514768038597602208137e-29
-5.56571428571428571428571428571428571428571428571428571428571	1.48398010821785904670991600439871e-29
-5.54285714285714285714285714285714285714285714285714285714286	1.930695424016084494345083213156826e-29
-5.52	2.5118832707696841579543054138712989e-29
-5.49714285714285714285714285714285714285714285714285714285714	3.2680232549838999191757357866309926e-29
-5.47428571428571428571428571428571428571428571428571428571429	4.2517803594421278886336239299617308e-29
-5.45142857142857142857142857142857142857142857142857142857143	5.5316730464964218484992321489818348e-29
-5.42857142857142857142857142857142857142857142857142857142857	7.1968455521123732101378574845994329e-29
-5.40571428571428571428571428571428571428571428571428571428571	9.3632767596199121873171348411590135e-29
-5.38285714285714285714285714285714285714285714285714285714286	1.21818580994627725974396948458458355e-28
-5.36	1.58489030983206799306636357302555501e-28
-5.33714285714285714285714285714285714285714285714285714285714	2.06198205645851992335064059490918568e-28
-5.31428571428571428571428571428571428571428571428571428571429	2.68269037434132196053657020255337564e-28
-5.29142857142857142857142857142857142857142857142857142857143	3.49024744504905349700618881905171028e-28
-5.26857142857142857142857142857142857142857142857142857142857	4.54089941660729262160426393876329396e-28
-5.24571428571428571428571428571428571428571428571428571428571	5.90782393172080570085536190538973835e-28
-5.22285714285714285714285714285714285714285714285714285714286	7.68622692934768262086259357368384271e-28
-5.2	9.99997371011064672402831605534795613e-28
-5.17714285714285714285714285714285714285714285714285714285714	1.301021611692128276888949102959866007e-27
-5.15428571428571428571428571428571428571428571428571428571429	1.692661671083292179296746272607603158e-27
-5.13142857142857142857142857142857142857142857142857142857143	2.202195170180395796597063498880616277e-27
-5.10857142857142857142857142857142857142857142857142857142857	2.865110972292233310331060530210430488e-27
-5.08571428571428571428571428571428571428571428571428571428571	3.727580970524576856554579775332334124e-27
-5.06285714285714285714285714285714285714285714285714285714286	4.849675944322745110121214132855491239e-27
-5.04	6.309549468137876904114768656164702616e-27
-5.01714285714285714285714285714285714285714285714285714285714	8.208881279652901032258357751384003301e-27
-4.99428571428571428571428571428571428571428571428571428571429	1.0679959235744060961331061936177556104e-26
-4.97142857142857142857142857142857142857142857142857142857143	1.389489311115683649688118079244885551e-26
-4.94857142857142857142857142857142857142857142857142857142857	1.807760197659805527404621697760211237e-26
-4.92571428571428571428571428571428571428571428571428571428571	2.351941007123948031348038772633335584e-26
-4.90285714285714285714285714285714285714285714285714285714286	3.059933741422305193916180928830696892e-26
-4.88	3.981049838557462338013788950170612361e-26
-4.85714285714285714285714285714285714285714285714285714285714	5.179444692328169781935462632608889984e-26
-4.83428571428571428571428571428571428571428571428571428571429	6.738586046007858592859974300304507539e-26
-4.81142857142857142857142857142857142857142857142857142857143	8.767067480990477040062235929810498147e-26
-4.78857142857142857142857142857142857142857142857142857142857	1.140617190634501239265171454228774462e-25
-4.76571428571428571428571428571428571428571428571428571428571	1.4839711841538520098557468716451387923e-25
-4.74285714285714285714285714285714285714285714285714285714286	1.9306831861545881324591904740780042468e-25
-4.72	2.5118664885890671203730011211484383468e-25
-4.69714285714285714285714285714285714285714285714285714285714	3.2680002410295136470812855375343538581e-25
-4.67428571428571428571428571428571428571428571428571428571429	4.2517487996520994381704241556760680555e-25
-4.65142857142857142857142857142857142857142857142857142857143	5.5316297675218518091685834864325491842e-25
-4.62857142857142857142857142857142857142857142857142857142857	7.1967862022358960594824289658625482124e-25
-4.60571428571428571428571428571428571428571428571428571428571	9.3631953711888588810302795411108138826e-25
-4.58285714285714285714285714285714285714285714285714285714286	1.21817464888394233528816400757662700193e-24
-4.56	1.5848750043014376739407525221833433814e-24
-4.53714285714285714285714285714285714285714285714285714285714	2.06196106748266388296072945572744456012e-24
-4.51428571428571428571428571428571428571428571428571428571429	2.68266159147072925659229849089269841656e-24
-4.49142857142857142857142857142857142857142857142857142857143	3.49020797415513099599343607157464208179e-24
-4.46857142857142857142857142857142857142857142857142857142857	4.54084528887663343861353170530397669698e-24
-4.44571428571428571428571428571428571428571428571428571428571	5.9077497045894905903363119390092656101e-24
-4.42285714285714285714285714285714285714285714285714285714286	7.68612513924940644051417213254075004998e-24
-4.4	9.99983412201228580732635614990541773487e-24
-4.37714285714285714285714285714285714285714285714285714285714	1.30100246951864188855712669040912416553e-23
-4.35428571428571428571428571428571428571428571428571428571429	1.692635420793325835440469760659848352691e-23
-4.33142857142857142857142857142857142857142857142857142857143	2.202159172297302425916778264482757162639e-23
-4.30857142857142857142857142857142857142857142857142857142857	2.865061607215166995627235363162647276689e-23
-4.28571428571428571428571428571428571428571428571428571428571	3.727513274576250185630839584519765119954e-23
-4.26285714285714285714285714285714285714285714285714285714286	4.849583110649788801833347104502115372533e-23
-4.24	6.309422162279142927753883162779992795818e-23
-4.21714285714285714285714285714285714285714285714285714285714	8.208706700955841628390177941298155711013e-23
-4.19428571428571428571428571428571428571428571428571428571429	1.0679719830254243288111497110440905568493e-22
-4.17142857142857142857142857142857142857142857142857142857143	1.3894564806561143785948459900114590614472e-22
-4.14857142857142857142857142857142857142857142857142857142857	1.8077151761744441686981295767128877398029e-22
-4.12571428571428571428571428571428571428571428571428571428571	2.3518792676853069764253171128586716146165e-22
-4.10285714285714285714285714285714285714285714285714285714286	3.059849076106332153286400667985515131187e-22
-4.08	3.9809337342344144194249884847365308946214e-22
-4.05714285714285714285714285714285714285714285714285714285714	5.1792854746641781736470399110052933142299e-22
-4.03428571428571428571428571428571428571428571428571428571429	6.7383677056062154752167035663619725036954e-22
-4.01142857142857142857142857142857142857142857142857142857143	8.7667680636407044886114925337605646540495e-22
-3.98857142857142857142857142857142857142857142857142857142857	1.14057613055186446880482242620824580482531e-21
-3.96571428571428571428571428571428571428571428571428571428571	1.4839148771166210499377597206025806736992e-21
-3.94285714285714285714285714285714285714285714285714285714286	1.9306059704687419722115675819989591915022e-21
-3.92	2.5117606001880103697412701971909739146381e-21
-3.89714285714285714285714285714285714285714285714285714285714	3.2678550327942263104218111653554528698389e-21
-3.87428571428571428571428571428571428571428571428571428571429	4.2515496708392686159851302239742930245671e-21
-3.85142857142857142857142857142857142857142857142857142857143	5.5313566956535767856181131790241549937393e-21
-3.82857142857142857142857142857142857142857142857142857142857	7.1964117298319182804008629428784388720869e-21
-3.80571428571428571428571428571428571428571428571428571428571	9.3626818449064769417353407111996432984827e-21
-3.78285714285714285714285714285714285714285714285714285714286	1.21810422734155616513466225101804958832039e-20
-3.76	1.58477843293202433341494308384998848749028e-20
-3.73714285714285714285714285714285714285714285714285714285714	2.06182863599828946046617074815048846935933e-20
-3.71428571428571428571428571428571428571428571428571428571429	2.68247998383526056643358521626632857187556e-20
-3.69142857142857142857142857142857142857142857142857142857143	3.48995892965173879524681843675244606363093e-20
-3.66857142857142857142857142857142857142857142857142857142857	4.54050376598577209240699857763208452502094e-20
-3.64571428571428571428571428571428571428571428571428571428571	5.90728136305458747154063722918957967736463e-20
-3.62285714285714285714285714285714285714285714285714285714286	7.68548288715100972909941175959159930630469e-20
-3.6	9.99895338065766500095491538645030935291581e-20
-3.57714285714285714285714285714285714285714285714285714285714	1.300881690569746964767568446797324524567163e-19
-3.55428571428571428571428571428571428571428571428571428571429	1.692469792661766097282025128415641235640756e-19
-3.53142857142857142857142857142857142857142857142857142857143	2.201932041011484702232185015970624968551318e-19
-3.50857142857142857142857142857142857142857142857142857142857	2.864750134637968093471281978131539839153507e-19
-3.48571428571428571428571428571428571428571428571428571428571	3.72708614202165737113442710725246891949626e-19
-3.46285714285714285714285714285714285714285714285714285714286	4.848997369777132480542720948252261760694293e-19
-3.44	6.308618916621143713096824255080751657399374e-19
-3.41714285714285714285714285714285714285714285714285714285714	8.20760518385648192415216238993416894703493e-19
-3.39428571428571428571428571428571428571428571428571428571429	1.0678209283750875553612112231353488350578765e-18
-3.37142857142857142857142857142857142857142857142857142857143	1.3892493344629360571953921388004065634981494e-18
-3.34857142857142857142857142857142857142857142857142857142857	1.8074311098100770964315797184056641862310877e-18
-3.32571428571428571428571428571428571428571428571428571428571	2.3514897181690290439055120029777288170724931e-18
-3.30285714285714285714285714285714285714285714285714285714286	3.0593148740865234962149749009518033356225244e-18
-3.28	3.9802011654954354059558578411138563910165178e-18
-3.25714285714285714285714285714285714285714285714285714285714	5.1782808791416822772870585567096106300720656e-18
-3.23428571428571428571428571428571428571428571428571428571429	6.7369900708398562124126066853477712558190443e-18
-3.21142857142857142857142857142857142857142857142857142857143	8.764878867933125401723693315287605231786543e-18
-3.18857142857142857142857142857142857142857142857142857142857	1.14031705895265813852553314290751331961706842e-17
-3.16571428571428571428571428571428571428571428571428571428571	1.48355960374169776983866783795128354462493199e-17
-3.14285714285714285714285714285714285714285714285714285714286	1.93011877244600317328276031537108422882920408e-17
-3.12	2.51109248957231620980231310105766997669421047e-17
-3.09714285714285714285714285714285714285714285714285714285714	3.26693883081113284645189922851127823979949075e-17
-3.07428571428571428571428571428571428571428571428571428571429	4.25029325303409428969486433640990465233992483e-17
-3.05142857142857142857142857142857142857142857142857142857143	5.52963372874303891807801489363908411518400154e-17
-3.02857142857142857142857142857142857142857142857142857142857	7.19404896884535724020472387732518318847843586e-17
-3.00571428571428571428571428571428571428571428571428571428571	9.35944171333955276207070208219499629911469528e-17
-2.98285714285714285714285714285714285714285714285714285714286	1.217659897482450540595556524053048441231756441e-16
-2.96	1.58416910883687666026541261667422639472279709e-16
-2.93714285714285714285714285714285714285714285714285714285714	2.06099304990171549565080263416822516692420834e-16
-2.91428571428571428571428571428571428571428571428571428571429	2.68133411724376561335824511976968060615193693e-16
-2.89142857142857142857142857142857142857142857142857142857143	3.48838756525339698284561604414223527206732623e-16
-2.86857142857142857142857142857142857142857142857142857142857	4.53834890250745486164339734529714261547501907e-16
-2.84571428571428571428571428571428571428571428571428571428571	5.90432632817654925114938516006126976435665984e-16
-2.82285714285714285714285714285714285714285714285714285714286	7.68143055102683784266406325705349893574980584e-16
-2.8	9.99339627940148257546143446311130000129345312e-16
-2.77714285714285714285714285714285714285714285714285714285714	1.300119627074480109469576810893635267181799757e-15
-2.75428571428571428571428571428571428571428571428571428571429	1.691424750034834209227835666279609042882339047e-15
-2.73142857142857142857142857142857142857142857142857142857143	2.200498939838013132663458494340058884495650713e-15
-2.70857142857142857142857142857142857142857142857142857142857	2.862784876078485868882873973666821414438478487e-15
-2.68571428571428571428571428571428571428571428571428571428571	3.724391118624156336980776379448262958387469315e-15
-2.66285714285714285714285714285714285714285714285714285714286	4.845301595980499517865874284046157177837975486e-15
-2.64	6.30355078106595273529281464746993614709523313e-15
-2.61714285714285714285714285714285714285714285714285714285714	8.200655083739802409667391463890552732191577162e-15
-2.59428571428571428571428571428571428571428571428571428571429	1.066867838409856922024094727523571809648513544e-14
-2.57142857142857142857142857142857142857142857142857142857143	1.3879423310216247065197258458971063194605336292e-14
-2.54857142857142857142857142857142857142857142857142857142857	1.8056387732544190819987661834909409485526037389e-14
-2.52571428571428571428571428571428571428571428571428571428571	2.3490318284602979058211489709853458578180535409e-14
-2.50285714285714285714285714285714285714285714285714285714286	3.0559442896071808420802325538383014654655105827e-14
-2.48	3.9755789728884835792370805203897875917033064516e-14
-2.45714285714285714285714285714285714285714285714285714285714	5.1719423154787588142725421394585035269150585904e-14
-2.43428571428571428571428571428571428571428571428571428571429	6.7282977915854228687613121706230773809629734633e-14
-2.41142857142857142857142857142857142857142857142857142857143	8.7529588617903950420869819301389822783228324022e-14
-2.38857142857142857142857142857142857142857142857142857142857	1.1386824296393222232005324111172927782620691285e-13
-2.36571428571428571428571428571428571428571428571428571428571	1.48131798328999473206686386015971436429141561393e-13
-2.34285714285714285714285714285714285714285714285714285714286	1.92704476531056971318848979667282222907815739331e-13
-2.32	2.50687700353779832733458777072653602074166427317e-13
-2.29714285714285714285714285714285714285714285714285714285714	3.26115799771923710681664391760862360988739710164e-13
-2.27428571428571428571428571428571428571428571428571428571429	4.24236580878094292142125105921750625698192682945e-13
-2.25142857142857142857142857142857142857142857142857142857143	5.51876256710769238421937344917087879237550167242e-13
-2.22857142857142857142857142857142857142857142857142857142857	7.17914099239267600540891928877591958343736671958e-13
-2.20571428571428571428571428571428571428571428571428571428571	9.33899792241777238795101526269669232127028391915e-13
-2.18285714285714285714285714285714285714285714285714285714286	1.214856374312929650925637357184862511227818191905e-12
-2.16	1.580324546977325494229051265520387854719144938812e-12
-2.13714285714285714285714285714285714285714285714285714285714	2.0557208782741633613767155752956408849633370841e-12
-2.11428571428571428571428571428571428571428571428571428571429	2.674104218630293438210969337596985831334829831653e-12
-2.09142857142857142857142857142857142857142857142857142857143	3.478472973104221382119145766050512542970333537589e-12
-2.06857142857142857142857142857142857142857142857142857142857	4.524752704628800861696924319271496007967349202101e-12
-2.04571428571428571428571428571428571428571428571428571428571	5.885681427517472116041609528098540800163847905437e-12
-2.02285714285714285714285714285714285714285714285714285714286	7.655862204597617210369099516146421296986938696918e-12
-2.	9.958333593747916684234305123864377983455723093091e-12
-1.9771428571428571428571428571428571428571428571428571428571	1.295311370006363434417385768304145583383638501483e-11
-1.9542857142857142857142857142857142857142857142857142857143	1.684831035521826183807611586461447568847174336428e-11
-1.9314285714285714285714285714285714285714285714285714285714	2.191456772154258644867514176302876721068940605324e-11
-1.9085714285714285714285714285714285714285714285714285714286	2.850385069101453495675521948528616914999705379116e-11
-1.8857142857142857142857142857142857142857142857142857142857	3.707386878133650840619968861374265883010939302793e-11
-1.8628571428571428571428571428571428571428571428571428571429	4.821983156020633165261100611910239748921590563133e-11
-1.84	6.271573489367537804750854031787973913653871933581e-11
-1.8171428571428571428571428571428571428571428571428571428571	8.15680365067387563723206286575688323126565013849e-11
-1.7942857142857142857142857142857142857142857142857142857143	1.0608543591136852024793748726686009845780272701282e-10
-1.7714285714285714285714285714285714285714285714285714285714	1.3796958672080689530447813774169750241709614692787e-10
-1.7485714285714285714285714285714285714285714285714285714286	1.7943301537190120517377254082968921716638437482861e-10
-1.7257142857142857142857142857142857142857142857142857142857	2.3335239883371466541085407178480993012899276161218e-10
-1.7028571428571428571428571428571428571428571428571428571429	3.0346779418658144974677125716560879470883623981004e-10
-1.68	3.9464158272217781200896737827475831161716289647997e-10
-1.6571428571428571428571428571428571428571428571428571428571	5.1319500812234974367960942901102750424678120393436e-10
-1.6342857142857142857142857142857142857142857142857142857143	6.673455348224912923069949301349332870355551853608e-10
-1.6114285714285714285714285714285714285714285714285714285714	8.6777519542396894417864911111903997695890233723302e-10
-1.5885714285714285714285714285714285714285714285714285714286	1.1283691105758962008241979274578616562450761300059e-9
-1.5657142857142857142857142857142857142857142857142857142857	1.46717506802578093897453827896317900994761496347761e-9
-1.5428571428571428571428571428571428571428571428571428571429	1.90765023967740341865396550306312708219525159536713e-9
-1.52	2.48028083406174488375871690301572998803830365890962e-9
-1.4971428571428571428571428571428571428571428571428571428571	3.22468607182580092658011322955303414365179078863923e-9
-1.4742857142857142857142857142857142857142857142857142857143	4.19235107737302860764127643029557145036234672564701e-9
-1.4514285714285714285714285714285714285714285714285714285714	5.45017636040798223949164186749303345225482139386425e-9
-1.4285714285714285714285714285714285714285714285714285714286	7.08508744473791413940579013611060131862913213867198e-9
-1.4057142857142857142857142857142857142857142857142857142857	9.21002068092016595028172571679401485511152004567242e-9
-1.3828571428571428571428571428571428571428571428571428571429	1.197169526578986125661289689095531994514433647159221e-8
-1.36	1.556070334443188853124512959691628656988436702858143e-8
-1.3371428571428571428571428571428571428571428571428571428571	2.02246080190520539028061756109318558256215251723189e-8
-1.3142857142857142857142857142857142857142857142857142857143	2.628494378361703692585660603581744840265178243271368e-8
-1.2914285714285714285714285714285714285714285714285714285714	3.415927911753097866781739077331326843133494515553386e-8
-1.2685714285714285714285714285714285714285714285714285714286	4.438984451676609696879590179718584193639547433831909e-8
-1.2457142857142857142857142857142857142857142857142857142857	5.768067413806373879540040285219807173603013086555116e-8
-1.2228571428571428571428571428571428571428571428571428571429	7.494578522548666354823873979854338484448422167476854e-8
-1.2	9.737166499349398154728302603271353229905862565363124e-8
-1.1771428571428571428571428571428571428571428571428571428571	1.2649829924699397582600947381145396459923773792228522e-7
-1.1542857142857142857142857142857142857142857142857142857143	1.6432422471243661122586573923716756197313665651971995e-7
-1.1314285714285714285714285714285714285714285714285714285714	2.1344270035328948029795808149133765755620964325119252e-7
-1.1085714285714285714285714285714285714285714285714285714286	2.7721817820818664932630864165898036250473561239255876e-7
-1.0857142857142857142857142857142857142857142857142857142857	3.600149485302254615465962725871782019112697528750525e-7
-1.0628571428571428571428571428571428571428571428571428571429	4.674933136017082835682881612948104460741324271163834e-7
-1.04	6.069931364617129367302904888732392272382328871681538e-7
-1.0171428571428571428571428571428571428571428571428571428571	7.880304066225538909922945874064338144015438180974729e-7
-0.9942857142857142857142857142857142857142857142857142857143	1.0229399393823255080033149531094898703093593807579386e-6
-0.9714285714285714285714285714285714285714285714285714285714	1.3277069595083692231075892374583249498331091560994873e-6
-0.9485714285714285714285714285714285714285714285714285714286	1.7230427306007389230775250602635699601298251127956775e-6
-0.9257142857142857142857142857142857142857142857142857142857	2.2357753684318406964518708662374780086334349649805065e-6
-0.9028571428571428571428571428571428571428571428571428571429	2.9006475311110607169207774015455972098448819677299219e-6
-0.88	3.7626391035506958822262924821492841448856074961478189e-6
-0.8571428571428571428571428571428571428571428571428571428571	4.87996693861249651338377581053400463695585568980475e-6
-0.8342857142857142857142857142857142857142857142857142857143	6.3279572865831132811568868754571359745466870579350383e-6
-0.8114285714285714285714285714285714285714285714285714285714	8.2040424172305680558698705373020092719896097882382794e-6
-0.7885714285714285714285714285714285714285714285714285714286	0.0000106342045202208475162834055145809425383938120361180303
-0.7657142857142857142857142857142857142857142857142857142857	0.0000137812815820506829739643141133205168670834426893529244
-0.7428571428571428571428571428571428571428571428571428571429	0.0000178556670555252703184632505246079830743439480721097389
-0.72	0.0000231290846819173389753604712568016044817663237707800762
-0.6971428571428571428571428571428571428571428571428571428571	0.0000299523105256378943651906909534909952446549627896487753
-0.6742857142857142857142857142857142857142857142857142857143	0.0000387779571202314249787312043664086257268759985426649571
-0.6514285714285714285714285714285714285714285714285714285714	0.000050189743385797317903909775251766741242687306312193172
-0.6285714285714285714285714285714285714285714285714285714286	0.0000649400659058137518689343472091572198816661433181596297
-0.6057142857142857142857142857142857142857142857142857142857	0.0000839981837493052163652277067008064177778727997245524759
-0.5828571428571428571428571428571428571428571428571428571429	0.0001086119570084810953980198495455577979750771892742218514
-0.56	0.0001403868716482213734371436606135075652286804053112011154
-0.5371428571428571428571428571428571428571428571428571428571	0.0001813870808430160613697541590564256837856666971838563725
-0.5142857142857142857142857142857142857142857142857142857143	0.0002342644455860117707828550642961458379402732892935094142
-0.4914285714285714285714285714285714285714285714285714285714	0.000302423125736931055796687719520136436975964251839603503
-0.4685714285714285714285714285714285714285714285714285714286	0.0003902292303038660987794953069490407520332048737480937614
-0.4457142857142857142857142857142857142857142857142857142857	0.0005032774707985591246315289467773529709582955303650343778
-0.4228571428571428571428571428571428571428571428571428571429	0.000648729778798244679517631166502207528863381775373137048
-0.4	0.000835744571672564855405658923759091980549894573894950563
-0.3771428571428571428571428571428571428571428571428571428571	0.001076019921868006280399552076956138803677736552727322723
-0.3542857142857142857142857142857142857142857142857142857143	0.00138447946855365587198563508615760576216903503900860919
-0.3314285714285714285714285714285714285714285714285714285714	0.001780136688567419009237564903706417374813129652084684916
-0.3085714285714285714285714285714285714285714285714285714286	0.002287181315464246102664405301843203849719606584229933504
-0.2857142857142857142857142857142857142857142857142857142857	0.002936341469914624067182445301949587599300954433006088598
-0.2628571428571428571428571428571428571428571428571428571429	0.003766586649341217828843319045617383394025413667520014585
-0.24	0.004827250308244957183527146964869406961391401103833142592
-0.2171428571428571428571428571428571428571428571428571428571	0.006180666486577105028896416455327366335443944063012293221
-0.1942857142857142857142857142857142857142857142857142857143	0.007905432871875783673394864518526688597399466533653146194
-0.1714285714285714285714285714285714285714285714285714285714	0.010100432735796171856953982628140367064114173654668485572
-0.1485714285714285714285714285714285714285714285714285714286	0.012889770084291875364129597441955103989133423299543349379
-0.1257142857142857142857142857142857142857142857142857142857	0.016428795520789790758103180988601056242457101314593036478
-0.1028571428571428571428571428571428571428571428571428571429	0.020911423744575347827068986943556896141334817859962685845
-0.08	0.026578965734299279502119064909555071833777042423270489238
-0.0571428571428571428571428571428571428571428571428571428571	0.03373071721415629834882227755084155674897303731452179241
-0.0342857142857142857142857142857142857142857142857142857143	0.042736556769420593182318596827585536084839367295097947934
-0.0114285714285714285714285714285714285714285714285714285714	0.054051807663219474829556074681490179811369349031951663631
0.0114285714285714285714285714285714285714285714285714285714	0.068234601416906880577652442736526397073590051339510251858
0.0342857142857142857142857142857142857142857142857142857143	0.08596594154701258212602846608539527784591734646440374266
0.0571428571428571428571428571428571428571428571428571428571	0.10807259405293556841386127007354404483804513874309153008
0.08	0.13555281756330187145731351509408851374994448289785475036
0.1028571428571428571428571428571428571428571428571428571429	0.16960477979475753078027074669368300613394491503693244434
0.1257142857142857142857142857142857142857142857142857142857	0.21165727728543097441221340371843029825664431639547179078
0.1485714285714285714285714285714285714285714285714285714286	0.26340207235959714267613404085412404664569365596877280692
0.1714285714285714285714285714285714285714285714285714285714	0.32682677779352205029505532165382544223676914596836372761
0.1942857142857142857142857142857142857142857142857142857143	0.40424675352911657200883665459345519640772595743095554512
0.2171428571428571428571428571428571428571428571428571428571	0.49833393673349095195257362749074399019413536742241270697
0.24	0.61213992337798589941704653540516686255366323327326418111
0.2628571428571428571428571428571428571428571428571428571429	0.74910998768018883888876900665088215770817287478975626135
0.2857142857142857142857142857142857142857142857142857142857	0.91308411411914766005316289669818975967950266298654139669
0.3085714285714285714285714285714285714285714285714285714286	1.10828059369102930012328099427159565540439054376734738089
0.3314285714285714285714285714285714285714285714285714285714	1.33925738957804024695929504800351042075883282991284701884
0.3542857142857142857142857142857142857142857142857142857143	1.61084641226616537538719890871898393100155616572849305183
0.3771428571428571428571428571428571428571428571428571428571	1.9280561757020646460228576953093670285223290952425043803
0.4	2.2959391497031113996572013322450410258839596619566210402
0.4228571428571428571428571428571428571428571428571428571429	2.7194215802344788664906373890495365740828051554589646305
0.4457142857142857142857142857142857142857142857142857142857	3.2030956860446641170398216378558594141106156218185946365
0.4685714285714285714285714285714285714285714285714285714286	3.7509769716202591136759437744786643289629011568446015095
0.4914285714285714285714285714285714285714285714285714285714	4.3662328623444989601605555261434498373184300463691035661
0.5142857142857142857142857142857142857142857142857142857143	5.0508928157954676525180459854543531426888471642309094527
0.5371428571428571428571428571428571428571428571428571428571	5.805554236812377186008256416157512383299514113554425571
0.56	6.6291025600254786434774782573750851700152250738155602662
0.5828571428571428571428571428571428571428571428571428571429	7.5184673019158539420787607687682578998325411529346339269
0.6057142857142857142857142857142857142857142857142857142857	8.4684381936710150605318074591323202239199358984453282909
0.6285714285714285714285714285714285714285714285714285714286	9.471566126166829532331955981252799781542544297240728966
0.6514285714285714285714285714285714285714285714285714285714	10.518172042165355504257900119105207792252317377298021298
0.6742857142857142857142857142857142857142857142857142857143	11.596482682386383009339851139523062445797938828232426679
0.6971428571428571428571428571428571428571428571428571428571	12.69290501827746381399378064916016530530098802546557783
0.72	13.792441370031585060168475926706776469185595588166029441
0.7428571428571428571428571428571428571428571428571428571429	14.87923508202197749816093592797660084840297555835244809
0.7657142857142857142857142857142857142857142857142857142857	15.937223115843513395386200143816017807606821232746891561
0.7885714285714285714285714285714285714285714285714285714286	16.95085836836716166241424117977851690015848558986925203
0.8114285714285714285714285714285714285714285714285714285714	17.905852633121714545110975510513821254756471446985438194
0.8342857142857142857142857142857142857142857142857142857143	18.789882787886895967082172474694104234819282753167766885
0.8571428571428571428571428571428571428571428571428571428571	19.59319981442626985764006346615366736619481674827949654
0.88	20.30908401432868067046925967379740144028379046224799169
0.9028571428571428571428571428571428571428571428571428571429	20.93410086408566725311484451837501714345980097307892954
0.9257142857142857142857142857142857142857142857142857142857	21.46812984775476163875690468081070544063263142433812103
0.9485714285714285714285714285714285714285714285714285714286	21.91416157485648546737582912618188280571576766874809524
0.9714285714285714285714285714285714285714285714285714285714	22.2778836478834744893860221087021032088168888412135088
0.9942857142857142857142857142857142857142857142857142857143	22.56709942900358657860296138042760579732253483490000168
1.0171428571428571428571428571428571428571428571428571428571	22.79104226385812680966693316083994207152406847875771458
1.04	22.959657671709721019194769656467559175115642169664
1.0628571428571428571428571428571428571428571428571428571429	23.0829256911985940553745128622391505221268963808168725
1.0857142857142857142857142857142857142857142857142857142857	23.1702850347840481147722068339991098866461576979572848
1.1085714285714285714285714285714285714285714285714285714286	23.2302019730021185013079281480429218103441402485287314
1.1314285714285714285714285714285714285714285714285714285714	23.269903541879426898097518117224539374997117397663049
1.1542857142857142857142857142857142857142857142857142857143	23.295271121765172483592016190290775319322858370308534
1.1771428571428571428571428571428571428571428571428571428571	23.3108708175697254138958111510985653418476226323082925
1.2	23.320084347316625573285586461868537596589759132186272
1.2228571428571428571428571428571428571428571428571428571429	23.325299513951991608853781526014911519183321380371
1.2457142857142857142857142857142857142857142857142857142857	23.328122130036131949239872001343940325344477008102039
1.2685714285714285714285714285714285714285714285714285714286	23.329579377617596204039749337318127530713594266308877
1.2914285714285714285714285714285714285714285714285714285714	23.330295213782046857266421320245462156996735382668108
1.3142857142857142857142857142857142857142857142857142857143	23.330628897515305085833564047782220281983723404446297
1.3371428571428571428571428571428571428571428571428571428571	23.330776087516483248739066225237453763198787406004311
1.36	23.3308373450344485741118028978162566981546265207
1.3828571428571428571428571428571428571428571428571428571429	23.3308613237549260113757712879082190068447613781979
1.4057142857142857142857142857142857142857142857142857142857	23.33087012317432626834413288489905302056666648120459
1.4285714285714285714285714285714285714285714285714285714286	23.33087313995479416932010340110307088584244112564115
1.4514285714285714285714285714285714285714285714285714285714	23.33087410270973649310721524257351378338651022430364
1.4742857142857142857142857142857142857142857142857142857143	23.33087438761931952391032700596584014022425314572992
1.4971428571428571428571428571428571428571428571428571428571	23.33087446548862217022571978468155462320363909250378
1.52	23.33087448506125443244654780449050951833
1.5428571428571428571428571428571428571428571428571428571429	23.33087448956541536720575260966838255263597
1.5657142857142857142857142857142857142857142857142857142857	23.3308744905099442882258221354225949344839116
1.5885714285714285714285714285714285714285714285714285714286	23.3308744906895415913167141060084241665460361276
1.6114285714285714285714285714285714285714285714285714285714	23.3308744907203450687162509073060711424911319336
1.6342857142857142857142857142857142857142857142857142857143	23.3308744907250845065482409477079237766276049147477
1.6571428571428571428571428571428571428571428571428571428571	23.3308744907257348846353612172041746282302823952594
1.68	23.3308744907258140013037255425495810803299056892544
1.7028571428571428571428571428571428571428571428571428571429	23.3308744907258224783207114423198895379781152986614
1.7257142857142857142857142857142857142857142857142857142857	23.330874490725823272927438961628529399299800579405
1.7485714285714285714285714285714285714285714285714285714286	23.330874490725823337626757746552444570312509805621
1.7714285714285714285714285714285714285714285714285714285714	23.330874490725823342168515525973368612060466082823
1.7942857142857142857142857142857142857142857142857142857143	23.330874490725823342441217741044325126698761622359
1.8171428571428571428571428571428571428571428571428571428571	23.330874490725823342455106800437778826958985279795
1.84	23.33087449072582334245570158621212116985474071032
1.8628571428571428571428571428571428571428571428571428571429	23.330874490725823342455722805465234540162364214229
1.8857142857142857142857142857142857142857142857142857142857	23.33087449072582334245572342997920083152253078699
1.9085714285714285714285714285714285714285714285714285714286	23.33087449072582334245572344498737386509549788546
1.9314285714285714285714285714285714285714285714285714285714	23.33087449072582334245572344527869740602364991811
1.9542857142857142857142857142857142857142857142857142857143	23.33087449072582334245572344528321302887450997837
1.9771428571428571428571428571428571428571428571428571428571	23.3308744907258233424557234452832682513379017358
2.	23.33087449072582334245572344528326877741088740792
2.0228571428571428571428571428571428571428571428571428571429	23.330874490725823342455723445283268781262858
2.0457142857142857142857142857142857142857142857142857142857	23.3308744907258233424557234452832687812842318728
2.0685714285714285714285714285714285714285714285714285714286	23.3308744907258233424557234452832687812843204186
2.0914285714285714285714285714285714285714285714285714285714	23.3308744907258233424557234452832687812843206882
2.1142857142857142857142857142857142857142857142857142857143	23.3308744907258233424557234452832687812843206888
2.1371428571428571428571428571428571428571428571428571428571	23.3308744907258233424557234452832687812843206888
2.16	23.3308744907258233424557234452832687812843206888
2.1828571428571428571428571428571428571428571428571428571429	23.3308744907258233424557234452832687812843206888
2.2057142857142857142857142857142857142857142857142857142857	23.3308744907258233424557234452832687812843206888
2.2285714285714285714285714285714285714285714285714285714286	23.330874490725823342455723445283268781284320689
2.2514285714285714285714285714285714285714285714285714285714	23.330874490725823342455723445283268781284320689
2.2742857142857142857142857142857142857142857142857142857143	23.330874490725823342455723445283268781284320689
2.2971428571428571428571428571428571428571428571428571428571	23.330874490725823342455723445283268781284320689
2.32	23.330874490725823342455723445283268781284320689
2.3428571428571428571428571428571428571428571428571428571429	23.330874490725823342455723445283268781284320689
2.3657142857142857142857142857142857142857142857142857142857	23.330874490725823342455723445283268781284320689
2.3885714285714285714285714285714285714285714285714285714286	23.33087449072582334245572344528326878128432069
2.4114285714285714285714285714285714285714285714285714285714	23.33087449072582334245572344528326878128432069
2.4342857142857142857142857142857142857142857142857142857143	23.33087449072582334245572344528326878128432069
2.4571428571428571428571428571428571428571428571428571428571	23.33087449072582334245572344528326878128432069
2.48	23.33087449072582334245572344528326878128432069
2.5028571428571428571428571428571428571428571428571428571429	23.33087449072582334245572344528326878128432069
2.5257142857142857142857142857142857142857142857142857142857	23.33087449072582334245572344528326878128432069
2.5485714285714285714285714285714285714285714285714285714286	23.3308744907258233424557234452832687812843207
2.5714285714285714285714285714285714285714285714285714285714	23.3308744907258233424557234452832687812843207
2.5942857142857142857142857142857142857142857142857142857143	23.3308744907258233424557234452832687812843207
2.6171428571428571428571428571428571428571428571428571428571	23.3308744907258233424557234452832687812843207
2.64	23.3308744907258233424557234452832687812843207
2.6628571428571428571428571428571428571428571428571428571429	23.3308744907258233424557234452832687812843207
2.6857142857142857142857142857142857142857142857142857142857	23.3308744907258233424557234452832687812843207
2.7085714285714285714285714285714285714285714285714285714286	23.3308744907258233424557234452832687812843207
2.7314285714285714285714285714285714285714285714285714285714	23.330874490725823342455723445283268781284321
2.7542857142857142857142857142857142857142857142857142857143	23.330874490725823342455723445283268781284321
2.7771428571428571428571428571428571428571428571428571428571	23.330874490725823342455723445283268781284321
2.8	23.330874490725823342455723445283268781284321
2.8228571428571428571428571428571428571428571428571428571429	23.330874490725823342455723445283268781284321
2.8457142857142857142857142857142857142857142857142857142857	23.330874490725823342455723445283268781284321
2.8685714285714285714285714285714285714285714285714285714286	23.330874490725823342455723445283268781284321
2.8914285714285714285714285714285714285714285714285714285714	23.33087449072582334245572344528326878128432
2.9142857142857142857142857142857142857142857142857142857143	23.33087449072582334245572344528326878128432
2.9371428571428571428571428571428571428571428571428571428571	23.33087449072582334245572344528326878128432
2.96	23.33087449072582334245572344528326878128432
2.9828571428571428571428571428571428571428571428571428571429	23.33087449072582334245572344528326878128432
3.0057142857142857142857142857142857142857142857142857142857	23.33087449072582334245572344528326878128432
3.0285714285714285714285714285714285714285714285714285714286	23.33087449072582334245572344528326878128432
3.0514285714285714285714285714285714285714285714285714285714	23.3308744907258233424557234452832687812843
3.0742857142857142857142857142857142857142857142857142857143	23.3308744907258233424557234452832687812843
3.0971428571428571428571428571428571428571428571428571428571	23.3308744907258233424557234452832687812843
3.12	23.3308744907258233424557234452832687812843
3.1428571428571428571428571428571428571428571428571428571429	23.3308744907258233424557234452832687812843
3.1657142857142857142857142857142857142857142857142857142857	23.3308744907258233424557234452832687812843
3.1885714285714285714285714285714285714285714285714285714286	23.3308744907258233424557234452832687812843
3.2114285714285714285714285714285714285714285714285714285714	23.3308744907258233424557234452832687812843
3.2342857142857142857142857142857142857142857142857142857143	23.330874490725823342455723445283268781284
3.2571428571428571428571428571428571428571428571428571428571	23.330874490725823342455723445283268781284
3.28	23.330874490725823342455723445283268781284
3.3028571428571428571428571428571428571428571428571428571429	23.330874490725823342455723445283268781284
3.3257142857142857142857142857142857142857142857142857142857	23.330874490725823342455723445283268781284
3.3485714285714285714285714285714285714285714285714285714286	23.330874490725823342455723445283268781284
3.3714285714285714285714285714285714285714285714285714285714	23.330874490725823342455723445283268781284
3.3942857142857142857142857142857142857142857142857142857143	23.33087449072582334245572344528326878128
3.4171428571428571428571428571428571428571428571428571428571	23.33087449072582334245572344528326878128
3.44	23.33087449072582334245572344528326878128
3.4628571428571428571428571428571428571428571428571428571429	23.33087449072582334245572344528326878128
3.4857142857142857142857142857142857142857142857142857142857	23.33087449072582334245572344528326878128
3.5085714285714285714285714285714285714285714285714285714286	23.33087449072582334245572344528326878128
3.5314285714285714285714285714285714285714285714285714285714	23.33087449072582334245572344528326878128
3.5542857142857142857142857142857142857142857142857142857143	23.3308744907258233424557234452832687813
3.5771428571428571428571428571428571428571428571428571428571	23.3308744907258233424557234452832687813
3.6	23.3308744907258233424557234452832687813
3.6228571428571428571428571428571428571428571428571428571429	23.3308744907258233424557234452832687813
3.6457142857142857142857142857142857142857142857142857142857	23.3308744907258233424557234452832687813
3.6685714285714285714285714285714285714285714285714285714286	23.3308744907258233424557234452832687813
3.6914285714285714285714285714285714285714285714285714285714	23.3308744907258233424557234452832687813
3.7142857142857142857142857142857142857142857142857142857143	23.330874490725823342455723445283268781
3.7371428571428571428571428571428571428571428571428571428571	23.330874490725823342455723445283268781
3.76	23.330874490725823342455723445283268781
3.7828571428571428571428571428571428571428571428571428571429	23.330874490725823342455723445283268781
3.8057142857142857142857142857142857142857142857142857142857	23.330874490725823342455723445283268781
3.8285714285714285714285714285714285714285714285714285714286	23.330874490725823342455723445283268781
3.8514285714285714285714285714285714285714285714285714285714	23.330874490725823342455723445283268781
3.8742857142857142857142857142857142857142857142857142857143	23.330874490725823342455723445283268781
3.8971428571428571428571428571428571428571428571428571428571	23.33087449072582334245572344528326878
3.92	23.33087449072582334245572344528326878
3.9428571428571428571428571428571428571428571428571428571429	23.33087449072582334245572344528326878
3.9657142857142857142857142857142857142857142857142857142857	23.33087449072582334245572344528326878
3.9885714285714285714285714285714285714285714285714285714286	23.33087449072582334245572344528326878
4.0114285714285714285714285714285714285714285714285714285714	23.33087449072582334245572344528326878
4.0342857142857142857142857142857142857142857142857142857143	23.33087449072582334245572344528326878
4.0571428571428571428571428571428571428571428571428571428571	23.3308744907258233424557234452832688
4.08	23.3308744907258233424557234452832688
4.1028571428571428571428571428571428571428571428571428571429	23.3308744907258233424557234452832688
4.1257142857142857142857142857142857142857142857142857142857	23.3308744907258233424557234452832688
4.1485714285714285714285714285714285714285714285714285714286	23.3308744907258233424557234452832688
4.1714285714285714285714285714285714285714285714285714285714	23.3308744907258233424557234452832688
4.1942857142857142857142857142857142857142857142857142857143	23.3308744907258233424557234452832688
4.2171428571428571428571428571428571428571428571428571428571	23.330874490725823342455723445283269
4.24	23.330874490725823342455723445283269
4.2628571428571428571428571428571428571428571428571428571429	23.330874490725823342455723445283269
4.2857142857142857142857142857142857142857142857142857142857	23.330874490725823342455723445283269
4.3085714285714285714285714285714285714285714285714285714286	23.330874490725823342455723445283269
4.3314285714285714285714285714285714285714285714285714285714	23.330874490725823342455723445283269
4.3542857142857142857142857142857142857142857142857142857143	23.330874490725823342455723445283269
4.3771428571428571428571428571428571428571428571428571428571	23.330874490725823342455723445283269
4.4	23.33087449072582334245572344528327
4.4228571428571428571428571428571428571428571428571428571429	23.33087449072582334245572344528327
4.4457142857142857142857142857142857142857142857142857142857	23.33087449072582334245572344528327
4.4685714285714285714285714285714285714285714285714285714286	23.33087449072582334245572344528327
4.4914285714285714285714285714285714285714285714285714285714	23.33087449072582334245572344528327
4.5142857142857142857142857142857142857142857142857142857143	23.33087449072582334245572344528327
4.5371428571428571428571428571428571428571428571428571428571	23.33087449072582334245572344528327
4.56	23.3308744907258233424557234452833
4.5828571428571428571428571428571428571428571428571428571429	23.3308744907258233424557234452833
4.6057142857142857142857142857142857142857142857142857142857	23.3308744907258233424557234452833
4.6285714285714285714285714285714285714285714285714285714286	23.3308744907258233424557234452833
4.6514285714285714285714285714285714285714285714285714285714	23.3308744907258233424557234452833
4.6742857142857142857142857142857142857142857142857142857143	23.3308744907258233424557234452833
4.6971428571428571428571428571428571428571428571428571428571	23.3308744907258233424557234452833
4.72	23.330874490725823342455723445283
4.7428571428571428571428571428571428571428571428571428571429	23.330874490725823342455723445283
4.7657142857142857142857142857142857142857142857142857142857	23.330874490725823342455723445283
4.7885714285714285714285714285714285714285714285714285714286	23.330874490725823342455723445283
4.8114285714285714285714285714285714285714285714285714285714	23.330874490725823342455723445283
4.8342857142857142857142857142857142857142857142857142857143	23.330874490725823342455723445283
4.8571428571428571428571428571428571428571428571428571428571	23.330874490725823342455723445283
4.88	23.330874490725823342455723445283
4.9028571428571428571428571428571428571428571428571428571429	23.33087449072582334245572344528
4.9257142857142857142857142857142857142857142857142857142857	23.33087449072582334245572344528
4.9485714285714285714285714285714285714285714285714285714286	23.33087449072582334245572344528
4.9714285714285714285714285714285714285714285714285714285714	23.33087449072582334245572344528
4.9942857142857142857142857142857142857142857142857142857143	23.33087449072582334245572344528
5.0171428571428571428571428571428571428571428571428571428571	23.33087449072582334245572344528
5.04	23.33087449072582334245572344528
5.0628571428571428571428571428571428571428571428571428571429	23.3308744907258233424557234453
5.0857142857142857142857142857142857142857142857142857142857	23.3308744907258233424557234453
5.1085714285714285714285714285714285714285714285714285714286	23.3308744907258233424557234453
5.1314285714285714285714285714285714285714285714285714285714	23.3308744907258233424557234453
5.1542857142857142857142857142857142857142857142857142857143	23.3308744907258233424557234453
5.1771428571428571428571428571428571428571428571428571428571	23.3308744907258233424557234453
5.2	23.3308744907258233424557234453
5.2228571428571428571428571428571428571428571428571428571429	23.330874490725823342455723445
5.2457142857142857142857142857142857142857142857142857142857	23.330874490725823342455723445
5.2685714285714285714285714285714285714285714285714285714286	23.330874490725823342455723445
5.2914285714285714285714285714285714285714285714285714285714	23.330874490725823342455723445
5.3142857142857142857142857142857142857142857142857142857143	23.330874490725823342455723445
5.3371428571428571428571428571428571428571428571428571428571	23.330874490725823342455723445
5.36	23.330874490725823342455723445
5.3828571428571428571428571428571428571428571428571428571429	23.33087449072582334245572345
5.4057142857142857142857142857142857142857142857142857142857	23.33087449072582334245572345
5.4285714285714285714285714285714285714285714285714285714286	23.33087449072582334245572345
5.4514285714285714285714285714285714285714285714285714285714	23.33087449072582334245572345
5.4742857142857142857142857142857142857142857142857142857143	23.33087449072582334245572345
5.4971428571428571428571428571428571428571428571428571428571	23.33087449072582334245572345
5.52	23.33087449072582334245572345
5.5428571428571428571428571428571428571428571428571428571429	23.33087449072582334245572345
5.5657142857142857142857142857142857142857142857142857142857	23.3308744907258233424557234
5.5885714285714285714285714285714285714285714285714285714286	23.3308744907258233424557234
5.6114285714285714285714285714285714285714285714285714285714	23.3308744907258233424557234
5.6342857142857142857142857142857142857142857142857142857143	23.3308744907258233424557234
5.6571428571428571428571428571428571428571428571428571428571	23.3308744907258233424557234
5.68	23.3308744907258233424557234
5.7028571428571428571428571428571428571428571428571428571429	23.3308744907258233424557234
5.7257142857142857142857142857142857142857142857142857142857	23.330874490725823342455723
5.7485714285714285714285714285714285714285714285714285714286	23.330874490725823342455723
5.7714285714285714285714285714285714285714285714285714285714	23.330874490725823342455723
5.7942857142857142857142857142857142857142857142857142857143	23.330874490725823342455723
5.8171428571428571428571428571428571428571428571428571428571	23.330874490725823342455723
5.84	23.330874490725823342455723
5.8628571428571428571428571428571428571428571428571428571429	23.330874490725823342455723
5.8857142857142857142857142857142857142857142857142857142857	23.33087449072582334245572
5.9085714285714285714285714285714285714285714285714285714286	23.33087449072582334245572
5.9314285714285714285714285714285714285714285714285714285714	23.33087449072582334245572
5.9542857142857142857142857142857142857142857142857142857143	23.33087449072582334245572
5.9771428571428571428571428571428571428571428571428571428571	23.33087449072582334245572
6.	23.33087449072582334245572
6.0228571428571428571428571428571428571428571428571428571429	23.33087449072582334245572
6.0457142857142857142857142857142857142857142857142857142857	23.33087449072582334245572
6.0685714285714285714285714285714285714285714285714285714286	23.3308744907258233424557
6.0914285714285714285714285714285714285714285714285714285714	23.3308744907258233424557
6.1142857142857142857142857142857142857142857142857142857143	23.3308744907258233424557
6.1371428571428571428571428571428571428571428571428571428571	23.3308744907258233424557
6.16	23.3308744907258233424557
6.1828571428571428571428571428571428571428571428571428571429	23.3308744907258233424557
6.2057142857142857142857142857142857142857142857142857142857	23.3308744907258233424557
6.2285714285714285714285714285714285714285714285714285714286	23.330874490725823342456
6.2514285714285714285714285714285714285714285714285714285714	23.330874490725823342456
6.2742857142857142857142857142857142857142857142857142857143	23.330874490725823342456
6.2971428571428571428571428571428571428571428571428571428571	23.330874490725823342456
6.32	23.330874490725823342456
6.3428571428571428571428571428571428571428571428571428571429	23.330874490725823342456
6.3657142857142857142857142857142857142857142857142857142857	23.330874490725823342456
6.3885714285714285714285714285714285714285714285714285714286	23.33087449072582334246
6.4114285714285714285714285714285714285714285714285714285714	23.33087449072582334246
6.4342857142857142857142857142857142857142857142857142857143	23.33087449072582334246
6.4571428571428571428571428571428571428571428571428571428571	23.33087449072582334246
6.48	23.33087449072582334246
6.5028571428571428571428571428571428571428571428571428571429	23.33087449072582334246
6.5257142857142857142857142857142857142857142857142857142857	23.33087449072582334246
6.5485714285714285714285714285714285714285714285714285714286	23.3308744907258233425
6.5714285714285714285714285714285714285714285714285714285714	23.3308744907258233425
6.5942857142857142857142857142857142857142857142857142857143	23.3308744907258233425
6.6171428571428571428571428571428571428571428571428571428571	23.3308744907258233425
6.64	23.3308744907258233425
6.6628571428571428571428571428571428571428571428571428571429	23.3308744907258233425
6.6857142857142857142857142857142857142857142857142857142857	23.3308744907258233425
6.7085714285714285714285714285714285714285714285714285714286	23.3308744907258233425
6.7314285714285714285714285714285714285714285714285714285714	23.330874490725823342
6.7542857142857142857142857142857142857142857142857142857143	23.330874490725823342
6.7771428571428571428571428571428571428571428571428571428571	23.330874490725823342
6.8	23.330874490725823342
6.8228571428571428571428571428571428571428571428571428571429	23.330874490725823342
6.8457142857142857142857142857142857142857142857142857142857	23.330874490725823342
6.8685714285714285714285714285714285714285714285714285714286	23.330874490725823342
6.8914285714285714285714285714285714285714285714285714285714	23.33087449072582334
6.9142857142857142857142857142857142857142857142857142857143	23.33087449072582334
6.9371428571428571428571428571428571428571428571428571428571	23.33087449072582334
6.96	23.33087449072582334
6.9828571428571428571428571428571428571428571428571428571429	23.33087449072582334
7.0057142857142857142857142857142857142857142857142857142857	23.33087449072582334
7.0285714285714285714285714285714285714285714285714285714286	23.33087449072582334
7.0514285714285714285714285714285714285714285714285714285714	23.3308744907258233
7.0742857142857142857142857142857142857142857142857142857143	23.3308744907258233
7.0971428571428571428571428571428571428571428571428571428571	23.3308744907258233
7.12	23.3308744907258233
7.1428571428571428571428571428571428571428571428571428571429	23.3308744907258233
7.1657142857142857142857142857142857142857142857142857142857	23.3308744907258233
7.1885714285714285714285714285714285714285714285714285714286	23.3308744907258233
7.2114285714285714285714285714285714285714285714285714285714	23.3308744907258233
7.2342857142857142857142857142857142857142857142857142857143	23.330874490725823
7.2571428571428571428571428571428571428571428571428571428571	23.330874490725823
7.28	23.330874490725823
7.3028571428571428571428571428571428571428571428571428571429	23.330874490725823
7.3257142857142857142857142857142857142857142857142857142857	23.330874490725823
7.3485714285714285714285714285714285714285714285714285714286	23.330874490725823
7.3714285714285714285714285714285714285714285714285714285714	23.330874490725823
7.3942857142857142857142857142857142857142857142857142857143	23.33087449072582
7.4171428571428571428571428571428571428571428571428571428571	23.33087449072582
7.44	23.33087449072582
7.4628571428571428571428571428571428571428571428571428571429	23.33087449072582
7.4857142857142857142857142857142857142857142857142857142857	23.33087449072582
7.5085714285714285714285714285714285714285714285714285714286	23.33087449072582
7.5314285714285714285714285714285714285714285714285714285714	23.33087449072582
7.5542857142857142857142857142857142857142857142857142857143	23.3308744907258
7.5771428571428571428571428571428571428571428571428571428571	23.3308744907258
7.6	23.3308744907258
7.6228571428571428571428571428571428571428571428571428571429	23.3308744907258
7.6457142857142857142857142857142857142857142857142857142857	23.3308744907258
7.6685714285714285714285714285714285714285714285714285714286	23.3308744907258
7.6914285714285714285714285714285714285714285714285714285714	23.3308744907258
7.7142857142857142857142857142857142857142857142857142857143	23.330874490726
7.7371428571428571428571428571428571428571428571428571428571	23.330874490726
7.76	23.330874490726
7.7828571428571428571428571428571428571428571428571428571429	23.330874490726
7.8057142857142857142857142857142857142857142857142857142857	23.330874490726
7.8285714285714285714285714285714285714285714285714285714286	23.330874490726
7.8514285714285714285714285714285714285714285714285714285714	23.330874490726
7.8742857142857142857142857142857142857142857142857142857143	23.330874490726
7.8971428571428571428571428571428571428571428571428571428571	23.33087449073
7.92	23.33087449073
7.9428571428571428571428571428571428571428571428571428571429	23.33087449073
7.9657142857142857142857142857142857142857142857142857142857	23.33087449073
7.9885714285714285714285714285714285714285714285714285714286	23.33087449073
8.0114285714285714285714285714285714285714285714285714285714	23.33087449073
8.0342857142857142857142857142857142857142857142857142857143	23.33087449073
8.0571428571428571428571428571428571428571428571428571428571	23.3308744907
8.08	23.3308744907
8.1028571428571428571428571428571428571428571428571428571429	23.3308744907
8.1257142857142857142857142857142857142857142857142857142857	23.3308744907
8.1485714285714285714285714285714285714285714285714285714286	23.3308744907
8.1714285714285714285714285714285714285714285714285714285714	23.3308744907
8.1942857142857142857142857142857142857142857142857142857143	23.3308744907
8.2171428571428571428571428571428571428571428571428571428571	23.330874491
8.24	23.330874491
8.2628571428571428571428571428571428571428571428571428571429	23.330874491
8.2857142857142857142857142857142857142857142857142857142857	23.330874491
8.3085714285714285714285714285714285714285714285714285714286	23.330874491
8.3314285714285714285714285714285714285714285714285714285714	23.330874491
8.3542857142857142857142857142857142857142857142857142857143	23.330874491
8.3771428571428571428571428571428571428571428571428571428571	23.330874491
8.4	23.33087449
8.4228571428571428571428571428571428571428571428571428571429	23.33087449
8.4457142857142857142857142857142857142857142857142857142857	23.33087449
8.4685714285714285714285714285714285714285714285714285714286	23.33087449
8.4914285714285714285714285714285714285714285714285714285714	23.33087449
8.5142857142857142857142857142857142857142857142857142857143	23.33087449
8.5371428571428571428571428571428571428571428571428571428571	23.33087449
8.56	23.3308745
8.5828571428571428571428571428571428571428571428571428571429	23.3308745
8.6057142857142857142857142857142857142857142857142857142857	23.3308745
8.6285714285714285714285714285714285714285714285714285714286	23.3308745
8.6514285714285714285714285714285714285714285714285714285714	23.3308745
8.6742857142857142857142857142857142857142857142857142857143	23.3308745
8.6971428571428571428571428571428571428571428571428571428571	23.3308745
8.72	23.330874
8.7428571428571428571428571428571428571428571428571428571429	23.330874
8.7657142857142857142857142857142857142857142857142857142857	23.330874
8.7885714285714285714285714285714285714285714285714285714286	23.330874
8.8114285714285714285714285714285714285714285714285714285714	23.330874
8.8342857142857142857142857142857142857142857142857142857143	23.330874
8.8571428571428571428571428571428571428571428571428571428571	23.330874
8.88	23.330874
8.9028571428571428571428571428571428571428571428571428571429	23.33087
8.9257142857142857142857142857142857142857142857142857142857	23.33087
8.9485714285714285714285714285714285714285714285714285714286	23.33087
8.9714285714285714285714285714285714285714285714285714285714	23.33087
8.9942857142857142857142857142857142857142857142857142857143	23.33087
9.0171428571428571428571428571428571428571428571428571428571	23.33087
9.04	23.33087
9.0628571428571428571428571428571428571428571428571428571429	23.3309
9.0857142857142857142857142857142857142857142857142857142857	23.3309
9.1085714285714285714285714285714285714285714285714285714286	23.3309
9.1314285714285714285714285714285714285714285714285714285714	23.3309
9.1542857142857142857142857142857142857142857142857142857143	23.3309
9.1771428571428571428571428571428571428571428571428571428571	23.3309
9.2	23.3309
9.2228571428571428571428571428571428571428571428571428571429	23.331
9.2457142857142857142857142857142857142857142857142857142857	23.331
9.2685714285714285714285714285714285714285714285714285714286	23.331
9.2914285714285714285714285714285714285714285714285714285714	23.331
9.3142857142857142857142857142857142857142857142857142857143	23.331
9.3371428571428571428571428571428571428571428571428571428571	23.331
9.36	23.331
9.3828571428571428571428571428571428571428571428571428571429	23.33
9.4057142857142857142857142857142857142857142857142857142857	23.33
9.4285714285714285714285714285714285714285714285714285714286	23.33
9.4514285714285714285714285714285714285714285714285714285714	23.33
9.4742857142857142857142857142857142857142857142857142857143	23.33
9.4971428571428571428571428571428571428571428571428571428571	23.33
9.52	23.33
9.5428571428571428571428571428571428571428571428571428571429	23.33
9.5657142857142857142857142857142857142857142857142857142857	23.3
9.5885714285714285714285714285714285714285714285714285714286	23.3
9.6114285714285714285714285714285714285714285714285714285714	23.3
9.6342857142857142857142857142857142857142857142857142857143	23.3
9.6571428571428571428571428571428571428571428571428571428571	23.3
9.68	23.3
9.7028571428571428571428571428571428571428571428571428571429	23.3
9.7257142857142857142857142857142857142857142857142857142857	23.
9.7485714285714285714285714285714285714285714285714285714286	23.
9.7714285714285714285714285714285714285714285714285714285714	23.
9.7942857142857142857142857142857142857142857142857142857143	23.
9.8171428571428571428571428571428571428571428571428571428571	23.
9.84	23.
9.8628571428571428571428571428571428571428571428571428571429	23.
9.8857142857142857142857142857142857142857142857142857142857	2.e1
9.9085714285714285714285714285714285714285714285714285714286	2.e1
9.9314285714285714285714285714285714285714285714285714285714	2.e1
9.9542857142857142857142857142857142857142857142857142857143	2.e1
9.9771428571428571428571428571428571428571428571428571428571	2.e1
10.	2.e1